2.05888	-18.3973
-0.477837	-2.38157
2.17129	-0.426995
-1.30813	-3.00113
3.19522	-6.42109
-5.86768	-4.5722
-1.36555	-2.90687
-6.67198	-5.02269
1.90019	-3.55472
3.45239	-3.34142
0.0706804	-5.92713
4.49506	-4.60738
3.70692	-6.96663
1.96881	-4.77842
4.44816	-3.32166
-8.6086	-18.1475
-15.1819	-26.5054
-19.1493	-19.8565
-12.6383	-29.4232
-14.8093	-26.7538
-12.8258	-25.7754
-10.7212	-27.8053
-11.1216	-25.7129
-3.98633	-24.9039
-0.166224	-16.849
-0.671619	-18.2799
-0.340314	-19.1135
1.94161	-19.9022
3.0979	-19.9657
3.76131	-20.5752
7.2004	-21.1209
6.85206	-20.8347
8.35173	-21.4654
7.57086	-21.0153
9.31641	-21.7466
8.74868	-23.7134
4.17777	-14.7666
-0.371488	-20.2346
0.460697	-25.7563
-0.1131	-29.1215
-0.229057	-31.4271
0.319215	-34.9888
0.185909	-36.8152
-3.2596	-34.9576
-2.77857	-34.0958
-4.82998	-31.9584
-4.17615	-32.7781
1.35045	-17.6999
-0.487205	-30.2535
0.367345	-35.6124
-2.13904	-34.9704
-5.22885	-33.7542
-6.91307	-33.2234
-7.25887	-33.5229
-6.49058	-32.4333
-6.34564	-33.0532
-4.11562	-34.7064
4.45551	-34.5626
2.61986	-25.7246
-0.48659	-21.3164
-3.15945	-23.0073
-1.43733	-28.1045
-1.14909	-27.9084
-0.972307	-28.6415
0.166877	-28.307
3.00029	-30.0313
2.33357	-28.7532
3.14422	-22.4537
0.356036	-15.6227
-1.19694	-18.1343
-2.63649	-16.5726
-3.5595	-17.9108
-2.66956	-19.6414
-3.3497	-21.9914
-3.05009	-25.5957
-5.75774	-24.2111
-5.70252	-24.0305
-8.19541	-14.5855
-8.34314	-13.2709
-4.58641	-13.9391
-3.56872	-20.8642
-5.3958	-20.7093
-6.07237	-23.395
-6.31386	-24.7501
-8.38288	-25.0587
-8.13507	-26.0726
-5.01583	-28.9894
-3.24597	-30.6634
-2.27013	-28.0938
-0.462154	-27.5085
-5.85744	-23.8197
-6.23611	-17.1698
-5.09199	-19.594
-9.99921	-16.1167
-10.4199	-12.1289
-4.7674	-12.3907
1.98712	-13.7553
1.63787	-3.52135
-5.91292	-8.08293
-14.2986	-6.17411
-5.47437	-3.75583
5.48258	-6.53934
-3.1959	-10.1107
-0.612901	-15.8295
4.15773	-9.97617
1.84997	-23.9817
1.83944	-23.2814
1.52878	-20.4919
-3.52286	-20.0614
-4.80936	-19.062
-0.335048	-22.0786
2.13271	-25.901
0.553584	-24.4021
-2.2954	-18.0846
-1.70148	-13.5563
1.22278	-15.1499
8.19649	-6.3877
1.06171	-3.79641
-2.46067	-6.81802
-13.2098	-13.6647
-12.2818	-3.88245
-13.3634	-3.17584
-9.26948	-2.89314
-18.5629	1.11858
-12.7058	-8.11157
-13.4326	-14.3069
-1.51796	-8.31136
-5.49918	-22.0436
3.66533	-12.2755
3.12211	-9.39965
5.34078	-9.46984
4.34194	-5.86514
5.91732	-3.82174
2.90977	-0.701598
9.0877	-2.39453
7.7372	5.2341
2.6975	-1.04902
-1.13167	-10.5408
4.48446	-13.0011
0.470323	-25.7409
4.97983	-19.6335
5.53703	-10.0152
-0.148265	-8.05146
-5.47186	-17.8992
-2.73059	-27.48
-6.97196	-25.3663
-6.17803	-26.3014
-5.37126	-26.9125
-3.10986	-27.0298
-3.90791	-25.9792
-8.16846	-21.6269
-9.84315	-17.1687
-10.6912	-11.9708
-11.5186	-7.20936
-8.824	-4.10406
-12.1031	-0.350906
-13.8226	2.80863
-14.946	1.03566
-16.09	-0.334016
-18.887	-2.50497
-10.3771	-0.0375074
0.40856	-6.67139
-0.053835	-3.9404
-4.56922	-9.71768
2.40028	-3.71887
5.30302	-6.69233
3.81176	2.8311
5.13231	2.73966
2.29048	-8.78207
4.91375	-13.8485
3.12758	-8.64741
3.43197	-15.638
12.1732	-10.0725
7.76727	-16.5578
1.95682	-23.9846
-9.22392	-24.3722
-9.91254	-16.9101
-7.69829	-13.7799
-7.79705	-7.45506
-3.75526	0.973241
-11.4818	-3.63866
-6.74035	-2.72125
-12.586	4.87689
-7.66231	-0.313182
0.546915	2.21254
-4.88756	-1.30745
-3.81757	3.86251
-4.80471	6.4513
2.17577	6.28799
1.0928	4.7015
4.3798	5.16451
4.12281	3.66493
2.92381	6.13097
4.27425	-1.80673
2.87047	-4.448
4.17214	-6.45642
-1.7786	-2.45383
1.69518	2.44374
7.33754	-1.50703
3.24615	-2.65449
0.57192	-7.66855
-0.508905	-4.19752
4.93743	-1.90863
-0.76968	-4.82327
3.98802	-0.88064
-0.846201	-2.98832
-2.03054	-7.31769
0.822109	-1.53993
4.08586	-1.73997
5.38983	0.744399
3.47019	-6.38471
3.24818	-8.81711
6.3667	-10.1602
1.68633	-10.6003
5.87176	-5.13078
6.26902	-2.70863
5.62595	0.911536
-8.54496	-20.159
-4.98743	-23.1006
-1.03384	-27.0367
-8.21695	-23.7453
-5.15223	-15.4775
-7.99807	-5.72297
-7.47766	-10.157
-7.1651	-15.536
-8.26452	-19.3987
-8.71386	-20.0824
-8.66229	-22.689
-5.97043	-25.171
-6.33938	-25.8163
-4.88173	-27.822
-3.45839	-30.141
-2.90281	-32.7147
-2.30287	-33.7584
-0.92904	-34.0467
2.34624	-35.3357
4.35497	-33.6295
3.78208	-34.0951
3.52501	-34.3494
2.44444	-32.8205
-1.18123	-32.7854
-2.57272	-33.3044
-3.72649	-33.3232
-3.98166	-34.4091
-4.63667	-33.0639
-5.80798	-26.32
-8.62496	-19.5826
-12.967	-13.8004
-17.7876	-11.053
-18.863	-11.9576
-20.3124	-14.3708
-16.4068	-16.6842
-8.43346	-19.0539
-6.47911	-15.7598
-3.2795	-1.42189
0.77021	-11.7819
-6.28685	-13.4337
-3.32451	-13.6279
-5.82026	-9.89163
-3.56789	-15.6417
-1.59643	-21.7499
-2.32393	-24.1925
-3.23475	-23.7169
-5.78605	-25.6503
-7.08646	-25.4063
-6.49721	-25.2616
-8.04304	-22.1754
-7.77695	-18.2578
-8.13062	-16.8341
-7.95352	-13.7179
-8.27815	-11.3159
-7.22107	-11.7787
-6.29059	-12.4945
-7.17536	-11.153
-7.05841	-11.7512
-6.50274	-13.1479
-5.83339	-16.3905
2.15374	-21.3569
9.38203	-20.0952
7.40098	-20.7194
9.60124	-20.9094
9.24461	-23.0496
9.30855	-21.9115
10.5987	-22.8552
-1.01168	-17.1149
-2.20091	-15.448
-0.603244	-19.2123
0.72408	-21.7071
5.09999	-23.4379
7.2903	-22.3567
7.09384	-24.8883
5.30568	-25.4557
5.53019	-27.4086
-0.777575	-22.4901
-0.621146	-22.1538
4.50779	-18.9591
6.5282	-22.0524
-0.579698	-17.2506
0.427154	-14.821
5.66558	-10.4582
5.02702	-12.3983
-2.73466	-19.9913
-2.18143	-20.0602
-0.0720384	-21.0875
1.04267	-26.5506
-2.21337	-21.7026
-3.74355	-19.2791
-1.41196	-22.4008
-7.63002	-16.1518
3.43903	-9.0916
3.03883	-7.92139
-0.192959	-9.76936
4.7666	-11.5456
-0.155252	-14.536
-2.29107	-16.7564
5.78991	-10.888
-7.22617	-13.7223
-10.1357	-11.5888
-11.447	-11.9112
-10.972	-12.0821
-8.49772	-11.7907
-4.06712	-7.59304
5.40434	-4.2457
4.95358	-17.2523
3.24991	-10.4629
-6.94944	-19.4462
-5.80175	-17.8457
0.10864	-9.00554
4.22524	-7.71864
-2.82523	-15.6759
-9.52833	-11.2702
-2.44517	-20.8642
-13.2162	-10.0218
-3.68124	-17.7985
-7.77813	-11.2367
-5.82731	-2.68276
-9.77161	-6.43274
-11.9981	-4.32173
-14.0014	-4.92475
-15.1442	-9.7583
-14.8283	-1.79774
-10.122	-12.9199
-9.69775	-10.9605
-7.38032	-8.42808
-2.35154	-17.4896
-10.8599	-19.5045
-1.75328	-24.2316
-6.50048	-17.4272
-3.66689	-21.1498
-8.33571	-17.878
-5.19484	-12.627
-6.66551	-2.40618
-5.91012	-2.14571
-5.64216	-9.83269
-6.08286	-10.3306
2.94126	-8.0962
-3.89676	-9.21123
-6.18641	-8.75163
-6.11567	-5.62992
2.24781	-12.9191
0.21603	-15.1147
-0.0691981	-14.8565
-4.24196	-14.4158
-1.7729	-14.3016
2.69283	-16.2945
4.25419	-24.6311
7.66	-26.7999
7.72257	-25.6675
4.7733	-27.8078
1.03289	-24.8277
-5.1674	-21.9223
-12.2633	-19.6692
-12.7937	-18.3951
-8.26079	-23.8394
0.777567	-23.3336
-0.360726	-21.8266
4.00071	-24.8561
3.44788	-22.6089
1.8758	-20.3928
4.57811	-20.1395
2.73574	-10.5365
1.534	-11.5726
5.69738	-12.122
2.37361	-9.76346
4.75377	-5.61826
-6.57617	-12.6299
-3.21341	-12.7676
3.95593	0.633133
-0.517601	3.13276
-6.8189	-14.7323
-10.7725	-20.3135
-10.6783	-19.1849
-4.2232	-14.7725
1.20699	-3.03307
3.54099	0.0942155
-3.72284	-3.47325
-3.94584	-13.5368
-6.984	-7.44374
-3.16651	-4.43678
0.809384	-2.77542
1.548	-7.27234
1.89937	-15.495
0.00552158	-15.7575
-9.08608	-16.837
-3.52334	-15.2557
5.1677	1.62523
0.37383	-8.69
-3.61634	-12.1458
-1.80418	-11.6409
-3.3913	-10.2261
-2.14185	-11.2289
-3.56539	-8.44535
-2.93684	-9.19951
-4.0008	-9.37285
-3.11682	-10.8697
-1.6879	-13.902
5.76079	-22.175
5.08558	-24.0715
2.8737	-21.2997
3.71899	-16.709
1.67608	-15.1776
-0.600159	-17.5588
-1.29808	-16.1773
0.904019	-19.5814
-0.634822	-21.2751
1.09866	-11.4074
5.90615	-7.22877
9.2107	-4.42007
5.90502	-6.54762
6.4489	-6.08272
4.77081	-1.2029
3.64328	-2.42063
5.9105	-5.70287
0.602884	-7.73811
4.94899	-0.348766
3.65283	-2.23431
-0.299604	-2.9463
1.23106	-6.76311
0.529618	-6.15667
2.13435	-4.39644
-0.237729	-2.95221
-3.27053	-21.6568
-4.24482	-23.2262
-3.28128	-31.6117
-4.52485	-30.9565
-2.5741	-28.8582
-5.71074	-23.1216
-3.44752	-20.1056
-1.15903	-7.24007
-2.44091	-6.23513
-2.22046	-6.58976
-9.10256	-10.5141
-7.00649	-4.57229
-2.02185	-11.4293
-9.07775	-7.4817
-6.89364	-6.67307
-3.29625	-11.4077
-4.29468	-4.82156
0.724711	-3.06466
-1.05362	-0.126186
-2.95088	-3.50837
-9.5223	-15.4438
-14.0061	-14.0398
-14.9334	-12.4793
-13.7132	-12.8907
-15.5936	-13.1441
-15.7124	-10.9387
-12.9743	-14.6248
-10.2562	-16.2701
-6.58307	5.31777
-6.30876	-2.68773
-2.91019	2.95113
-15.6118	-7.17019
-6.40152	-3.67227
-0.860177	-5.50296
-9.90253	-21.5047
-5.00657	-25.4493
0.792335	-28.1611
-0.120527	-20.8073
4.41646	-16.1893
9.92257	-23.5559
5.68502	-22.1282
7.55631	-19.5645
4.5864	-17.2151
0.0151042	-14.8211
0.578996	-13.2529
-0.572546	-10.6674
-4.69465	-15.5464
-6.4563	-15.7283
-7.37178	-14.7911
-10.4025	-12.0463
-10.047	-12.5652
-11.2142	-10.0251
-12.1255	-8.24999
-5.11333	-6.14619
1.87148	-6.30564
-3.90787	-3.44093
-4.49094	-10.4878
-21.0128	-6.20354
-1.77807	-10.0956
-12.0872	-26.1765
-11.3834	-25.5614
-12.61	-23.9828
-11.7672	-18.2782
-11.8969	-14.9917
-12.7223	-13.1594
-8.66409	-12.7233
-7.5286	-9.18847
-5.39436	-4.9405
7.80871	-2.96865
5.11813	-3.622
5.08131	-8.4143
-1.38826	-12.4187
0.526155	-12.4423
0.662359	-14.9769
-3.20032	-21.0794
2.30656	-24.7265
3.11378	-18.4717
6.55745	-26.1955
0.355684	-29.4206
-0.248327	-31.2043
0.655362	-31.2838
0.662962	-31.7546
1.6836	-29.7794
2.23046	-22.5015
-1.1634	-12.1431
-6.7226	-6.08807
-6.76339	-9.54939
-11.0749	-12.2213
-14.3234	-11.1719
-13.4999	-16.6723
-17.9156	-13.3558
-13.6455	-12.6225
-11.2114	-13.5241
-6.20605	-17.5766
-0.648649	-22.0095
0.755617	-2.31943
7.16359	-13.7991
-1.22769	-11.3377
3.60808	-6.08857
2.53728	-11.3496
-6.95567	-15.5514
-6.27713	-17.1297
-5.09676	-19.6264
-1.64806	-22.3287
-0.913824	-25.4696
0.175918	-27.8801
0.496619	-30.1459
0.527114	-33.5527
0.105671	-32.4526
-1.31084	-29.0942
-1.94925	-25.9652
-2.44757	-23.3664
4.01946	-23.3505
4.69085	-23.3194
6.32074	-26.449
7.09163	-26.8701
5.33587	-25.439
4.03692	-25.6395
3.68403	-23.1897
4.48426	-18.2077
1.20353	-17.7636
3.45616	-21.9117
1.08218	-17.8658
-0.518384	-10.8392
6.12814	1.67936
-11.8547	-4.52293
-9.09436	-10.0239
-13.1302	-9.7568
-13.8097	5.56664
-14.721	1.39841
-19.8915	1.01867
-7.9882	5.57444
-17.3958	-5.50115
-12.0018	-6.13466
-1.98848	-4.28813
3.09203	-2.19537
1.56471	-3.294
-4.9424	-6.27228
-6.52263	-5.68931
-4.6942	-7.03204
-4.6532	-5.45311
-5.11884	-8.36118
-7.15	-5.07306
-4.49677	-9.28531
-1.37716	-8.52485
-2.62546	-6.78577
-2.16788	-4.99627
-5.60908	-1.95588
-7.29226	-3.13833
-4.26599	-7.16006
-1.9275	-2.52617
-3.07381	0.703729
2.76929	-0.654262
3.32555	2.55925
4.49831	4.68723
10.5983	-7.60544
-0.284215	-3.78443
3.79895	-2.31141
5.62199	-4.14759
-1.20489	-4.35133
4.99129	-4.9691
4.5861	-3.91688
5.16318	-1.84394
3.15226	-0.911956
0.210567	-8.6277
3.82658	-2.81303
-0.715333	-7.65472
0.944198	-1.72672
2.36374	-5.68929
4.2383	-5.54825
2.72079	-5.89845
-3.2281	-8.09428
5.63373	-1.92951
12.0336	-1.33536
6.28875	-14.6826
0.594344	-16.0232
3.88685	-19.3699
5.43585	-20.9459
5.3653	-16.613
2.16972	-12.1084
1.96115	-13.4082
10.1365	-24.7548
7.56684	-31.3
10.6238	-27.319
9.45364	-25.5757
4.61592	-23.0562
-1.91123	-16.9588
2.56929	-18.4387
2.17064	-7.76405
1.64021	-4.19133
-0.828976	-3.07132
-8.90837	-12.2784
-7.68462	-7.92142
-10.4157	-7.7944
-13.5641	-13.3158
-11.6824	-12.6727
-9.086	-12.705
-10.8966	-16.8521
-3.50991	-22.493
0.990526	-28.5063
0.966475	-32.7154
-1.03371	-31.1461
1.26704	-32.2209
0.835098	-32.3458
-0.35331	-32.5503
0.551297	-34.3079
0.344762	-32.2805
-0.537115	-30.6029
-0.1575	-26.4708
3.84753	-22.2472
3.13256	-21.3482
3.99212	-25.2018
2.0328	-26.3177
1.94805	-24.7049
4.45234	-25.4512
2.30795	-25.8866
-0.637916	-27.7854
1.08047	-29.2239
-4.49474	-22.6619
-4.34163	-17.5925
-4.53623	-18.7617
-6.90439	-13.6651
-3.97296	-11.048
1.40851	-18.9309
-0.11664	-20.437
3.40489	-14.7558
-6.71959	-10.8901
-7.34499	-6.61653
-12.118	-8.78684
-6.75368	-20.2313
-4.36185	-24.5849
-6.06211	-22.6882
-4.80635	-19.3284
-4.22778	-17.5601
-4.56065	-14.902
-6.6532	-12.1962
-8.9402	-9.97736
-12.8496	-8.73864
-7.88644	-13.9609
4.41558	0.296138
-4.34893	-16.1507
1.73195	-23.4028
-6.53822	-16.3985
-5.42605	-20.4974
-5.65252	-17.6815
-2.40145	-11.9194
-1.19128	-27.4755
-2.34071	-32.3769
-5.81896	-34.3139
-4.58753	-32.6666
1.5225	-29.2483
3.70943	-34.2309
-1.55477	-19.5418
5.49396	-11.2378
2.12336	-10.4245
2.86968	-18.1066
0.850899	-16.1651
-4.56758	-27.2713
0.790744	-17.666
-2.37462	-19.8983
-5.64731	-15.914
-6.07197	-13.6566
-6.99285	-11.7211
-9.13069	-12.2937
-0.970982	-20.3039
7.13996	-17.9404
6.10217	-16.8138
6.20074	-17.5004
5.30541	-18.786
4.8705	-21.23
2.90643	-19.9425
3.25993	-19.6754
-3.40213	-18.8353
-5.78124	-24.088
-7.85737	-23.9709
-10.3404	-20.4652
-8.83952	-21.1896
-10.316	-17.9787
-5.23983	-17.853
1.8256	-16.8153
7.10805	-18.9432
8.65499	-23.191
4.03571	-20.519
2.52831	-16.6937
0.445925	-14.0514
3.75178	-14.2293
6.90616	-15.5357
5.61188	-9.23647
10.6732	-2.93439
7.37086	-4.25674
10.1645	-7.41011
4.59923	-11.8266
9.27869	-11.3285
-3.6634	-1.80715
-14.3551	-13.6964
-6.99999	-16.3885
-3.61291	-21.2881
-1.07759	-30.0125
-0.721993	-32.4102
3.51526	-36.5859
1.43531	-36.234
2.18314	-36.6921
1.77873	-32.1642
2.20065	-25.3853
8.10834	-12.7081
4.45851	-13.1299
0.00419749	-17.6346
0.974958	-20.6814
-1.67199	-13.0062
2.10437	-9.61521
-2.05592	-14.765
1.88857	-8.92631
-6.52592	-15.5719
-4.36688	-17.2561
-5.59649	-15.2048
-2.47254	-20.595
-8.27568	-19.3605
-4.68265	-21.7458
-2.98507	-23.1306
-3.72863	-21.2859
-9.62785	-14.1761
-14.0853	-13.7283
-3.43847	-11.8658
-5.86676	-9.80905
-13.2948	-12.8284
-7.06681	-7.83793
-6.91661	-4.48651
-13.4008	-10.3175
-9.18854	-12.374
-2.33729	-5.73334
-5.73145	-11.4946
-8.52327	-9.58954
-5.09263	-0.991426
-7.27494	0.85428
-5.54924	-1.43509
-11.7815	-14.046
-8.1143	-10.4453
2.39375	-20.6531
9.98947	-10.0216
3.12028	-7.93541
12.0726	-12.6442
-3.92491	-17.4676
-4.94109	-22.0193
-10.1035	-16.6936
-13.3823	-14.2793
-15.404	-11.449
-19.7111	-8.686
-20.1847	-6.52531
-13.6113	-13.9319
-14.2719	-13.8882
-14.9322	-14.2758
-16.4296	-13.4706
-15.8497	-10.8986
-16.2931	-9.41142
-15.2147	-6.96251
-12.4874	-5.7492
-8.82067	-5.66695
-9.39562	-9.47747
-9.34261	-1.83301
-7.69314	-7.38163
-5.63046	-6.53653
-4.88531	-4.4373
-5.60835	-7.50861
-4.27802	-9.10495
-3.6206	-14.5464
-0.509739	-17.3453
-2.82148	-17.7221
-2.03087	-5.81916
-3.97362	-6.02777
-6.84949	-6.39675
-4.48371	-1.60424
-5.25111	-2.60883
-4.36527	-9.35167
0.25263	-5.32361
-2.89472	-2.83915
-3.95434	-5.85242
-3.95385	-5.20345
-1.57159	-2.20189
-10.3135	-6.03217
-13.3227	-5.53547
-8.88539	-13.298
-8.01205	-1.66938
-15.4263	-4.33493
-8.5011	-4.73706
-13.9408	-0.646176
-11.555	-0.390842
-14.3736	-8.70242
-14.704	-10.9478
-14.9738	-5.95657
-9.26214	-2.38467
-7.76196	-2.6934
-8.63976	-3.04721
-6.00495	1.65442
-0.370746	2.14195
-4.1362	0.222625
2.96956	-4.71387
-1.31924	-11.498
2.35536	0.410224
0.109641	-5.26023
-0.0852938	-7.50985
3.13871	-5.135
2.55552	-2.60192
0.639057	-4.98133
2.13873	-2.02251
-3.24425	-2.70163
-0.0175987	-3.75307
-5.01719	-0.522755
0.768655	-8.9232
1.99794	-4.6408
1.9592	3.35559
5.26735	-4.47067
-0.610051	1.02824
0.678202	-2.73091
2.00783	-8.19546
2.229	-0.592475
2.84888	-3.69251
5.2951	-10.1302
-0.596304	-18.4599
3.65862	-17.8623
-2.25519	-6.44944
-7.05876	-8.29539
-2.94776	-13.9809
-7.30747	-14.4167
-10.6176	-12.9952
-13.5385	-9.90344
-13.0144	-11.492
-15.8526	-8.96466
-14.1482	-9.39953
-7.27828	-15.6742
-3.6231	-6.2395
2.87666	-4.22877
-3.10236	-3.2316
1.03578	-4.89522
-1.52141	-4.40671
-6.38463	-1.38209
-6.06922	-5.01802
-3.07843	-4.54364
-1.95275	-4.43861
-2.37817	-8.76918
-10.4125	-8.57508
-12.276	-10.0642
-13.2984	-5.6746
-11.4834	-4.73202
-7.20767	-6.55572
-4.02953	-11.522
-2.15016	-13.9588
-3.59282	-12.0952
1.1606	-17.6674
-1.00865	-15.5961
-0.579638	-17.6682
-4.32395	-19.26
1.86172	-21.7159
-5.53123	-17.5598
-5.12715	-19.8409
-6.06379	-16.0227
-8.95411	-11.933
-8.28116	-10.6812
-12.7224	-9.47775
-6.6933	-12.2809
-10.0348	-11.2316
-11.6544	-3.40507
-12.2082	-8.84203
-10.4097	-10.8469
-14.4856	-8.50242
-13.2558	-11.2304
-14.2626	-9.47809
-14.536	-10.7817
-10.9372	-16.1854
-10.8231	-17.304
-8.32054	-14.3507
-3.61405	-6.56324
-9.53515	-2.7595
-9.45245	-3.48779
-19.6078	0.317622
-16.8733	-4.78691
-8.53487	1.34454
-11.2687	4.60978
-5.94399	-5.14155
-11.1443	-8.45716
-10.0137	-6.96695
-5.35598	-7.51778
0.895438	-5.52818
0.907061	-0.687418
-9.76724	-4.28409
2.48872	-9.70667
-4.7701	-19.8763
4.05913	-25.773
1.88017	-24.5903
-0.684505	-25.0958
-0.283359	-25.17
-0.442192	-26.5355
-5.04865	-23.6023
-8.32801	-21.6555
-10.1142	-20.775
-10.4533	-23.2169
-11.0391	-20.3239
-9.73061	-18.9972
-7.41174	-24.3012
-6.86053	-21.8785
-4.75488	-18.3353
-5.13333	-11.673
-5.9259	-12.9703
-6.77255	-15.791
-2.31186	-16.0438
0.815473	-21.4891
1.34074	-18.0379
0.448433	-13.3817
-3.80198	-15.1627
-3.80349	-10.6837
-9.33752	-10.6134
-10.6638	-12.0492
-13.4057	-9.13798
-13.9092	-7.00756
-11.3657	-9.39504
-9.45308	-12.1461
-13.9598	-10.2261
-13.5757	-11.2573
-19.8659	-13.0178
-21.9868	-18.0501
-16.5473	-21.6255
-18.1142	-15.4315
-15.2977	-16.6568
-17.5237	-23.5883
-15.0502	-22.8866
-18.6345	-28.9942
-21.1135	-17.6876
-18.0506	-12.0049
-12.8139	-11.017
-7.89797	-9.0487
-0.692835	-11.4789
1.49968	-15.3042
1.03312	-19.7222
5.10162	-29.027
4.27017	-18.2632
-0.246257	-15.3732
-3.08953	-11.3935
-3.3566	-12.0982
-3.15786	-10.3577
-1.07889	-17.9832
1.14376	-24.068
0.869956	-26.8704
1.98589	-26.3
3.58917	-24.2428
5.16383	-22.1477
-1.22937	-14.1883
-1.28418	-15.3133
-1.4014	-9.77457
-2.46772	-0.463968
4.36401	-2.42253
6.46782	-3.78349
1.54555	-2.24284
2.04282	7.90305
1.40796	0.0776148
3.99058	-2.66142
-2.69355	0.526314
-4.18682	-0.447171
-1.8532	-2.18372
-1.91805	-9.00292
5.70169	2.07418
4.71111	-6.7897
3.15197	-5.66945
2.04468	-5.48236
0.987657	-2.18092
2.51826	-10.1316
6.11176	-1.69133
-1.12746	-5.07769
2.50587	-4.7598
8.58702	-5.40039
4.75196	-2.63801
6.36003	1.66312
4.7509	-7.25764
2.69348	-3.39966
4.51996	-5.0108
5.5378	-4.2236
2.9167	-2.06121
6.96135	3.8895
10.0232	-3.00852
7.49201	-2.38208
8.28708	-4.56119
6.0602	-1.31495
6.8672	-0.99902
6.7107	-4.37439
-1.07268	-9.88218
-9.22235	-19.7576
-4.80016	-5.5968
3.41596	-1.57736
-5.26122	-12.3194
-10.0937	-8.07168
-14.2073	-9.17728
-13.4791	-12.1234
-14.2658	-13.4095
-11.6257	-16.6078
-13.6443	-16.205
-11.401	-17.1392
-10.7452	-13.5523
-8.66359	-13.6169
6.72033	-20.6742
5.68533	-19.2168
6.1039	-20.7345
5.97233	-24.7003
3.99085	-25.8198
3.29627	-25.9635
4.88594	-24.8697
4.93272	-26.8194
0.561319	-18.4196
-4.88698	-19.0169
-6.79358	-18.1991
-7.65202	-17.8378
-6.4941	-13.4739
-4.28089	-20.7039
-6.88303	-22.3092
-7.93649	-19.5243
-8.47717	-16.0177
-8.06155	-14.2279
-7.86303	-11.9765
-8.06233	-12.418
-9.48487	-10.3217
-11.2077	-10.7604
-13.5072	-10.4299
-14.172	-11.5666
-10.1544	-11.8393
2.49908	-9.25856
-3.6585	-9.83096
-3.77415	-4.33713
-4.11373	-14.5125
-7.15873	-15.5366
-5.44189	-6.50147
-5.97207	-7.40982
-7.09174	-12.1652
-6.28373	-12.5159
-6.71425	-13.2899
-7.11916	-8.59222
-9.4625	-18.7295
-7.47175	-17.0522
2.25652	-24.4278
-5.52209	-16.4357
-5.08908	-20.335
-8.1952	-16.9566
-9.90579	-13.2901
-6.55457	-13.2397
-8.55647	-11.1139
-5.06642	-12.266
-4.49642	-11.6644
-2.99757	-14.7222
-4.88416	-10.4299
-8.84978	-8.15297
-13.0146	-10.0726
-7.02341	-14.527
-12.2122	-13.991
-4.35587	-11.4752
-0.0215804	-8.39335
-6.90776	-8.2646
-3.71593	-9.93792
-7.32889	-8.18789
-4.51896	-3.49634
-2.28817	-5.94361
-8.39342	-18.3257
-11.0523	-17.3206
-14.642	-22.5559
-0.241192	-11.1047
-2.55322	-16.8524
4.32764	-15.4394
-0.309449	-28.6896
-0.926879	-28.701
-0.634196	-24.1147
1.10798	-26.3979
3.98633	-29.6039
6.54905	-30.8658
4.62284	-27.4243
3.56015	-24.5022
2.66887	-21.8167
2.40287	-19.914
0.949891	-18.7682
0.810378	-20.971
-0.361451	-20.7241
-4.17195	-17.0915
-6.31766	-16.2101
-8.06746	-14.9411
-5.40714	-19.6396
-3.90399	-22.4633
-0.0938125	-13.9334
0.358288	-8.75365
-2.69688	-2.56437
-5.50591	-9.00561
-12.6534	-10.7831
-8.5521	-9.23357
-12.0375	-4.51517
-8.13033	-11.1421
-5.49717	-6.28513
-11.8689	-12.1681
-7.43476	-11.253
0.061542	-11.1548
7.68159	-13.5127
0.675429	-24.4989
-4.61265	-23.372
-7.21105	-20.7893
-6.08876	-17.7128
-4.11616	-18.3638
-5.97161	-14.9461
-3.94895	-16.8815
-12.8371	-9.3528
-11.1436	-3.05273
-12.1247	-4.46692
-12.5915	-5.66756
-6.10978	-8.97072
2.93231	-12.0898
-0.344524	-10.4978
-3.39054	-12.7295
-0.397962	-6.19582
2.7264	-10.1491
1.94866	-13.2216
2.83875	-11.2374
-3.97629	-14.9502
-3.78534	-17.2673
1.41122	-2.42125
-4.45537	-14.264
5.00275	-7.91135
-6.67304	-12.3034
-8.99088	-12.0164
-9.16116	-9.58784
-4.49532	-11.66
-5.74595	-9.99208
-4.63951	-10.4646
-6.05668	-7.24237
-4.45426	-10.0054
-2.84599	-13.5654
-1.09334	-16.8157
-4.27864	-15.8671
-8.2951	-7.74083
-2.70818	-9.67467
-7.24753	-7.62943
-1.36005	-13.1305
1.69866	-21.9516
1.82086	-28.2321
-1.02435	-29.4147
-2.15093	-30.8065
-4.63355	-30.2092
-3.476	-28.5248
-8.39467	-25.5969
-6.95379	-22.9676
-0.568483	-28.6313
0.473284	-24.7324
-1.12297	-20.1396
7.58493	-6.60488
0.119265	-4.93881
3.48366	2.54706
-2.1371	0.458915
4.78945	-10.7959
3.31232	-8.01681
5.18109	-7.37953
1.54862	-11.7308
0.900477	-5.84707
-0.705129	-2.21865
3.37566	-8.21477
6.70365	-5.67186
2.23406	-7.23996
-7.56835	-16.4471
-6.57105	-13.4784
-11.5968	-15.7267
-11.2308	-14.3042
-5.6851	-11.3277
-3.20914	-14.1177
-0.271464	-17.6274
6.41707	-6.15531
-4.61047	-3.7395
3.62784	-11.6612
-0.906328	-6.67533
6.55322	-2.59674
3.98797	-5.58161
2.97771	-1.2773
4.88679	-5.54527
5.57276	-3.19458
4.66645	-6.01396
4.1944	1.96843
-0.786403	-16.7501
2.35914	-4.52693
3.16561	3.01435
0.0751386	-3.06631
1.4165	-4.47202
1.4445	-7.26291
7.61485	0.954257
5.49407	-3.89139
4.17824	-2.37189
-2.77012	-12.4386
-2.97067	-19.7073
6.24682	-14.2266
10.7276	-9.40519
9.8646	-14.1073
-0.957752	-21.516
1.79354	-23.9917
0.708505	-27.0498
3.274	-29.2949
8.28505	-31.3202
11.2375	-26.8043
4.22445	-17.4862
9.64445	-15.5631
3.15379	-14.9478
3.31676	-17.1552
4.32476	-15.1429
-4.24335	-15.251
-3.74853	-19.6836
3.98308	-28.6755
1.34229	-33.8167
-7.30094	-31.9786
-7.95262	-29.697
-7.69292	-29.8456
-4.75201	-27.3304
1.33039	-20.4282
-0.0017548	-9.203
0.689961	-19.6621
2.32631	-13.4897
1.56633	-17.5703
-1.1367	-11.4868
-6.94443	-14.2825
-3.83455	-11.1844
-3.93736	-18.9244
-1.40353	-29.3463
-4.52503	-25.4779
-4.4297	-24.5308
-4.58636	-22.6687
-5.1828	-19.5722
-4.5883	-18.5299
-2.45821	-21.6579
-6.9495	-21.5461
-4.89451	-16.9922
-2.96613	-12.0619
2.60747	-7.13553
-0.489452	-6.48906
-4.17189	-10.41
-4.55004	-4.3784
1.86723	-10.4444
5.01815	-20.9991
-1.83612	-18.5749
-1.0574	-18.5608
-3.33094	-13.8051
-3.3516	-16.7558
-11.7616	-22.6247
-9.59649	-17.9472
-6.85396	-17.3129
-4.42603	-19.5813
0.140411	-20.1972
-0.787836	-17.9584
-2.28433	-18.3466
-1.02319	-17.2674
-0.728845	-16.2407
0.113016	-17.4672
-2.59178	-14.2831
-1.83169	-12.3243
-2.51197	-11.2455
4.11858	-7.93875
-1.42835	0.727835
0.655304	-0.0857915
-7.58804	-4.65268
-4.48266	-6.20277
-3.49858	-2.02101
-10.4818	-13.445
-9.8811	-18.0829
0.688706	-14.3373
2.61079	-6.50032
3.88408	-25.5071
2.5646	-33.0236
-0.953422	-31.5014
-0.97212	-32.8598
-1.32749	-32.1175
-0.262673	-32.966
-0.90334	-35.6786
0.113308	-35.0017
2.22257	-38.4436
0.830889	-36.1624
0.997712	-34.8603
0.0960781	-35.0456
-0.753281	-34.5251
-1.82335	-33.9886
-2.56134	-31.9552
-2.45444	-31.4536
-3.94675	-29.7326
-2.40425	-27.4354
-2.39648	-25.2334
-1.63677	-20.7622
0.397188	-16.9144
7.0697	-24.3741
10.166	-31.1532
8.72397	-28.5623
6.20087	-23.2451
7.60585	-24.314
7.12232	-23.676
8.48025	-24.0892
9.00326	-26.0675
10.1197	-24.1766
8.9425	-22.0902
8.91332	-23.1291
9.38773	-24.6605
0.328032	-19.3187
-2.0876	-21.4448
-0.642871	-23.0917
-2.33189	-19.7883
-2.7771	-20.0403
-4.37461	-18.7265
-5.19929	-18.1991
-5.66139	-15.6899
-3.96785	-17.0336
-4.77293	-9.99316
-4.51736	-3.10666
4.35182	-1.92473
3.18833	-7.60077
-0.0761252	-9.80144
5.03838	-17.6442
4.61223	-22.269
4.76389	-26.6562
4.64686	-30.122
5.97403	-30.4886
4.55418	-28.9568
2.65446	-20.3079
-9.91989	-10.6942
-6.29524	-12.7608
-5.33085	-13.9849
-2.69489	-18.0234
-6.14215	-18.082
-12.1975	-13.5856
-14.0983	-13.8431
-17.0921	-10.7917
-16.4585	-12.6
-15.7721	-14.5425
-15.4465	-15.1488
-15.1282	-14.4888
-15.057	-12.7526
-12.8445	-11.7721
-10.3107	-9.29979
-9.57129	-8.50454
-9.39893	-10.0944
-9.44763	-12.4848
-10.2173	-14.583
-11.4128	-14.9081
-11.2521	-14.5395
-11.4555	-14.2636
-10.8063	-14.3224
-10.092	-14.6137
-8.31482	-15.2649
-9.4977	-11.0697
-9.1593	-10.3357
-6.0707	-13.6286
-6.33633	-8.49194
-7.48256	-6.21968
-10.1289	-5.0763
-11.002	-0.888304
-3.50852	-3.01645
-7.56178	-7.61532
-6.92399	-4.55421
-1.55945	-13.3833
-2.33684	-8.51229
4.0954	-9.41323
-0.24694	-6.11992
-6.78866	-8.02963
-4.03001	-10.2549
-2.91118	-8.15516
-6.08024	-5.90378
-4.58941	-6.6778
-4.72132	-5.97969
-2.06107	-7.03146
-1.50416	-6.73956
-3.17138	-5.18835
6.38028	-4.42751
3.47088	-6.04283
10.5595	-3.06291
7.54226	-1.02503
3.88265	0.31461
1.97373	-4.65586
-7.77249	-15.1997
-6.21439	-16.2845
-8.83933	-4.20493
-4.20487	-23.3881
-4.30341	-28.8477
-6.68271	-27.7742
-3.81174	-27.3741
-0.325957	-17.615
1.71589	-22.1351
3.00395	-21.5581
4.08786	-21.8588
2.07563	-18.1911
3.04934	-19.276
0.28619	-15.847
0.05309	-18.201
5.1584	-14.0284
-0.825859	-9.82922
-1.38737	-4.21414
-6.44736	-2.73106
-9.54035	-3.65091
-11.7311	-5.6413
-1.57143	-3.22988
1.28149	-3.43277
-1.54031	-0.572113
-2.46173	-4.35002
-0.768457	-6.26732
-2.60322	-1.48629
-12.6307	-17.107
-12.0528	-20.3058
-4.45126	-21.144
-3.10821	-16.7983
-5.37098	-7.94406
-10.886	-9.46077
-7.16927	-13.2555
-1.83467	-24.484
-6.87688	-26.3368
-5.74455	-26.6663
-8.4341	-21.3134
-2.59414	-21.6189
-1.15039	-12.8987
-5.56707	-5.16799
-14.951	-8.03039
-12.1864	-2.34779
-14.2198	-15.297
-16.3571	-8.53824
-11.917	-1.49512
-14.1014	-11.6019
-12.7929	-13.02
-7.19424	-17.3228
-8.80053	-10.3748
-4.61275	-14.8793
3.34277	-3.33597
-0.970917	-16.4161
-4.48286	-8.73235
3.20844	-13.8582
-0.241076	-13.6185
-1.15898	-11.2005
-1.13588	-10.1851
6.32784	-9.19117
0.771801	-8.63608
4.2737	-10.8798
1.31756	-20.0332
8.90603	-12.3185
5.35387	-13.302
8.00596	-20.1911
8.64933	-18.9955
2.85232	-17.1953
2.96592	-14.6772
1.27371	-13.0219
0.632131	-11.6675
-3.64733	-8.27845
0.745599	-14.2103
-2.53276	-10.3752
2.96696	-8.06122
7.04644	-3.99439
13.525	-0.600005
12.9402	1.68272
-17.6332	-11.0464
-10.5997	-7.04002
-7.31729	4.52894
-8.5704	0.280772
-14.3928	-10.8428
-14.0726	3.16597
-12.4762	-9.59215
-14.5147	-6.50616
-15.8544	-7.24705
-8.44106	-5.31476
-8.19728	-6.90863
-6.84222	-5.24862
-6.70505	2.64866
1.45965	-12.3363
-2.57205	-3.18807
1.76394	-0.513422
0.802571	0.106123
7.29654	-4.77332
4.13626	0.557842
6.28606	1.13085
-1.81581	-5.74121
-0.712715	-2.89965
3.11677	-8.24547
8.20033	-7.35671
7.78219	-0.328185
3.53996	-6.51991
1.66176	-9.76945
-3.27122	-12.2514
-4.5423	-7.56904
8.30925	-6.66621
-1.7721	-5.40464
-0.454213	-5.37208
5.40592	-1.24344
3.34349	-2.98481
3.04996	-5.24582
0.332992	-4.59921
0.790292	-2.55052
1.59259	-20.5189
3.76582	-17.7204
-4.95864	-13.4401
-6.71471	-17.6067
-6.03052	-22.8421
-3.78518	-25.3133
-5.03274	-22.9586
-5.2718	-27.2019
-6.56265	-30.7549
-8.07347	-33.4504
-7.59375	-32.2664
-3.02756	-32.7274
-1.25851	-28.9443
-0.1056	-25.9717
-3.56631	-18.1446
-5.16951	-12.4335
-3.66292	-11.9681
5.08868	-17.8927
2.61069	-18.0446
1.91318	-13.9457
4.06566	-14.91
-0.638807	-10.3752
-12.3573	-3.12904
-6.84963	-10.9254
-13.5786	-6.29307
-15.9106	-5.28216
-17.6359	-2.70161
-18.2907	-2.78756
-18.5015	-4.77544
-15.2869	-5.03619
-3.60358	-3.07664
-3.18132	-11.6898
0.419793	-12.6637
-1.5622	-11.1276
-0.141561	-11.8127
-5.37572	-7.85407
-6.72187	-8.26773
-9.06053	-13.7702
-12.4045	-20.1289
-0.802316	-6.70898
-9.94827	-7.32639
-16.1426	-6.76459
-17.9071	-4.58721
-17.5816	-4.60598
-16.3774	-5.60313
-14.1225	-1.74035
-4.31257	-9.36512
-1.9864	-15.2287
-1.39256	-14.7211
-7.50114	-20.9563
-5.29252	-9.8562
-6.35211	-10.2776
-10.7375	-20.7568
-5.93577	-16.1319
-9.93544	-12.1393
-11.8632	-9.8667
-9.66734	-10.2632
-12.118	-9.26729
-12.2221	-8.54383
-12.1834	-6.22287
-10.8766	-7.85848
-6.45768	-14.9261
-8.62782	-14.4397
-7.1631	-17.2927
-5.0608	-17.7772
-4.72207	-17.3285
1.19816	-17.0083
4.0212	-14.5352
5.50336	-14.2472
4.88449	-14.9883
4.51638	-15.4934
3.87441	-15.279
4.99922	-15.4595
7.09999	-17.064
3.45844	-13.5352
4.68665	-16.0385
3.3085	-15.6255
2.06309	-16.0917
0.676926	-13.5856
-0.899998	-10.5986
-1.8784	-9.41701
-15.4488	-18.9917
-21.4614	-13.9696
-22.271	-13.6391
-22.6878	-11.1755
-23.271	-9.39578
-23.9928	-9.75516
-26.0557	-9.33377
-25.8644	-11.4082
-25.0846	-10.8537
-21.7714	-13.1079
-13.9988	-14.2702
-7.55742	-15.0839
-3.89015	-9.82701
-2.82603	-12.0778
2.25828	-7.34028
-0.565459	-7.40301
0.0960653	-1.50095
4.90483	-7.27007
0.971404	-8.23987
2.46497	-16.3082
1.43577	-18.7738
2.24774	-23.2863
-1.76074	-24.6375
-4.72346	-22.7418
-7.78553	-20.2734
-9.88462	-17.9749
-15.7482	-14.9524
-16.8744	-10.5173
-14.9143	-9.41821
-14.1782	-10.56
-16.6202	-9.88129
-12.3419	-13.2286
-16.1702	-9.68943
-16.0945	-11.2574
-16.2365	-9.02039
-17.0928	-7.02428
-15.8334	-7.74336
-14.4132	-6.49834
-15.0895	-7.73916
-18.0621	-2.86049
-14.0783	-8.12474
-14.3671	-6.85515
-13.0967	-9.43537
-10.1813	-8.31103
-8.32459	-9.34175
-5.59281	-8.49953
-4.18905	-7.61048
-3.31338	-9.21353
-2.92159	-9.21452
-2.09069	-11.2719
2.29487	-14.9964
4.61856	-17.8186
6.22687	-18.2571
7.85524	-23.4883
7.61876	-21.8065
3.70012	-20.3167
5.02579	-22.173
4.69187	-22.2877
2.54043	-15.6847
-1.33926	-11.033
0.981513	-13.9107
8.26318	-11.0186
6.64254	-3.69951
1.19581	2.49038
-2.88548	-3.5413
-5.64755	-1.32608
-10.1985	-2.65888
-11.5108	-9.81906
-8.09674	-12.667
-6.08472	-16.6588
-6.33585	-9.20094
-2.88597	-10.3633
-1.3555	-9.04436
4.94561	-9.26722
-9.57192	-20.5576
2.36149	-33.7453
0.164418	-32.2773
-2.57396	-28.2914
-2.85039	-27.9032
0.168699	-28.6222
-9.44984	-18.6394
0.52371	-24.5405
-9.05113	-23.6274
-2.94729	-19.9557
4.54309	-10.4722
0.0879526	-7.84156
-8.52913	-9.28362
-12.9844	-9.77297
-9.57549	-6.74973
-9.50555	-4.98678
1.12924	-4.22104
8.15611	4.34975
-0.0969437	-15.7878
-2.24966	-8.35642
-2.68254	-9.48139
-1.21867	-13.3717
-4.83145	-12.5484
-11.5478	-7.33992
-1.22826	-15.8644
10.1095	-16.7855
2.39912	-21.7415
-13.8252	-5.36852
-8.19996	-10.1361
-7.82793	-12.4901
-5.70735	-11.9821
-3.5992	-11.1962
-3.9977	-8.76305
-6.08941	-5.53323
-9.67838	-2.34289
-10.7619	-13.6365
-3.69773	-14.4833
-3.57461	-21.6635
0.102653	-16.6583
3.75293	-4.08073
1.86377	-3.67886
-10.6803	-14.3017
-7.91364	-9.64785
-8.31712	-13.7224
-7.95206	-14.5038
-9.3472	-10.3368
-10.0504	-13.42
-6.97815	-21.3357
-4.8578	-15.1929
-1.06745	-10.3578
2.96598	-16.3987
0.268716	-25.4171
-1.97076	-28.6616
-2.60559	-25.3121
0.445152	-25.3397
8.63514	-18.6048
5.00281	-9.56908
-0.698652	-10.7644
1.64475	-11.7124
2.51614	-2.37938
-0.498462	-4.22554
1.74566	-4.07785
-0.678017	-13.2466
1.23868	-2.40817
-18.5654	-4.70462
-17.001	2.85214
-9.52013	-3.37244
-22.2434	-12.4732
-4.59978	-8.57913
-2.49549	0.186741
-0.965204	-15.7234
-15.3734	-15.4245
-12.6737	-20.0678
-13.3532	-17.6781
-12.2841	-17.724
-7.66125	-19.1099
-3.50534	-21.678
-5.75686	-16.513
-5.88811	-19.1672
-3.9501	-22.0039
-2.24935	-17.7065
5.64505	-12.6091
6.24209	-2.39489
5.70344	-4.97818
-22.0469	-18.4612
-17.5821	-10.9794
-4.58047	-16.4926
-1.72055	-11.0112
2.26104	-8.28192
4.25355	-5.13947
10.0351	-6.25751
1.47439	-7.55071
-5.85237	-15.9484
-10.2571	-11.5294
-7.00713	-16.5193
-8.72291	-17.3106
-13.4202	-12.0906
-15.384	-8.93781
-17.3667	-6.21866
-21.935	-5.02019
-21.5857	-9.88852
-20.9345	-12.6086
-21.4292	-17.9629
-16.2893	-18.0665
-16.6908	-15.8751
-8.1486	-17.4695
-11.485	-14.276
-8.32937	-21.2981
-2.10727	-21.391
1.34083	-17.3422
2.26184	-0.340433
2.16397	-4.3483
-1.07493	-10.4997
2.15432	-11.6513
3.60994	-2.40002
2.21295	-13.8334
0.519896	-12.0879
-5.22663	-9.49596
-0.164105	-9.76516
0.191189	-6.5218
-2.24051	-10.6246
6.28853	-1.7533
-0.490307	-10.0322
0.185368	-8.18197
4.72019	-3.3209
0.309125	-4.32774
-0.00792999	-1.31396
2.08221	-7.01027
-2.95806	-3.74664
0.141817	-4.10233
4.38696	-4.54543
1.67209	-6.23796
1.14228	-5.83395
1.54461	-5.92325
-1.53102	-9.10982
-7.82869	-12.0069
-1.60041	-1.2307
-5.01704	-13.4115
-5.59837	-7.61932
-8.32839	-4.99531
-11.0456	-3.20304
-12.6601	-1.64876
-3.45035	-13.247
-9.79616	-5.34874
-12.4877	-4.94661
-14.2969	-5.54354
-15.9898	-4.2803
-16.2824	-6.33584
-16.1546	-7.14875
-15.4206	-7.07051
-14.1474	-8.45214
-14.2494	-8.06789
-12.7984	-6.9203
-13.9121	-5.44452
-12.0881	-5.21054
-9.50273	-6.56982
-6.54606	-8.12003
-4.10642	-12.2282
-2.26508	-15.403
-1.07224	-15.3693
7.92799	-22.7057
-1.86192	-19.3915
-1.81388	-13.9599
-3.65804	-16.9868
-0.325207	-11.0624
1.10163	-12.4391
-7.35584	-6.41645
-12.9538	-8.21432
-20.4365	-7.04494
-19.5266	-4.99361
-11.2552	-2.98468
-10.0296	0.161012
-7.57172	-8.21552
-8.82877	-8.08185
-12.547	-9.9985
-9.08443	-6.9575
-8.54833	-0.556135
-9.47746	0.696735
-7.78846	-0.454783
-7.27336	-4.02952
-11.442	-0.0361066
-9.11508	-4.05266
-8.84583	-1.80354
-8.35722	1.38482
-9.36565	-1.47721
-6.80013	-1.9422
-6.79781	-5.26947
-3.52373	-4.47567
-0.324768	-4.59096
2.22499	-10.6316
0.414652	-9.11934
4.38327	-13.0153
2.10421	-17.2483
1.80532	-20.9003
-1.99659	-21.8797
-0.827154	-28.0239
0.691911	-33.7647
-0.0478842	-35.6524
-1.64306	-35.1462
-0.374682	-37.3628
-1.21561	-37.2013
-1.43527	-35.5249
-0.904015	-35.8338
-0.529715	-34.1103
-1.24307	-33.3602
-1.47785	-32.7941
-3.11676	-31.4172
-4.69072	-32.3911
-4.38311	-32.2615
-4.05231	-34.5113
-2.59531	-34.0398
-0.598094	-32.5549
-3.73707	-29.5652
-6.42478	-20.3426
-12.8488	-13.0041
-13.0792	-13.4503
-18.091	-9.48951
-21.0121	-10.2226
-19.6385	-15.1682
-25.0719	-10.3397
-27.1524	-11.5923
-21.1171	-18.494
-25.6324	-13.1432
-26.723	-14.9108
-26.0789	-15.2236
-20.7939	-16.0378
-9.7065	-11.3383
-3.86673	-13.0325
4.00815	1.78981
5.3804	-7.3958
8.79808	0.824986
0.982414	-3.64803
-8.30958	1.50686
-11.8431	-7.99016
-9.80688	-4.43705
-13.1192	-9.56735
-12.0672	-5.9312
-12.8523	-8.32186
-8.60651	-6.8006
-6.27925	-4.93275
-0.210644	-7.86136
-3.56839	-8.49806
-6.53454	-6.38718
-2.89442	-10.6874
-2.67884	-12.9723
-2.57682	-12.9269
-0.959552	-14.2542
-0.182839	-18.0385
0.140326	-17.635
-0.0879043	-26.3606
-1.29904	-22.648
-5.05647	-16.8812
-4.86795	-15.8372
-1.88435	-15.4502
0.108449	-19.1
5.46207	-9.72639
-0.115763	-6.49723
-3.01601	-13.4403
-2.66931	-17.1881
-11.8152	-13.7192
-24.1141	-17.3534
-14.2249	-9.88261
-11.072	-4.82947
-12.4009	-9.10532
-4.15072	0.439864
-8.41953	-11.7444
-13.2238	-11.6807
-12.7398	-11.7417
-2.79677	-17.1738
1.41095	-22.5339
1.0326	-22.9195
0.276399	-21.363
3.57347	-25.626
2.71656	-24.7802
1.51305	-22.0828
-0.400535	-18.5408
-3.78054	-18.6743
0.0886965	-26.3353
-1.28173	-27.8197
-0.652333	-28.5644
-1.75226	-26.1708
1.00691	-25.6133
-2.40886	-25.2379
-2.59628	-24.9539
0.714891	-23.6964
-1.02135	-25.7265
3.8591	-23.4206
5.26633	-19.89
5.2745	-23.0821
7.86463	-9.10618
4.73243	-18.6167
7.5708	-12.374
6.4033	-12.5597
2.46991	-12.3405
6.24527	-12.7048
-4.83064	-15.0674
0.299586	-6.21932
-2.9572	-6.69256
1.47165	-6.18628
6.00068	-13.4537
0.978103	-2.90005
2.51086	-5.41329
2.0619	-3.96853
5.3722	-2.00672
2.92519	-9.67375
-0.670947	-0.181323
0.652715	-1.73882
-1.66512	-6.59196
-2.64933	-4.08783
3.53479	-2.66223
4.15436	-7.27896
2.6429	-11.4012
-1.27698	-2.54
1.83257	-4.60636
9.3526	-4.13159
8.18108	-1.52627
-3.4192	-19.4831
3.25501	-19.546
-2.42894	-17.1451
0.165676	-17.8635
4.81647	-17.2532
4.41727	-16.9866
-0.18203	-19.9679
-6.2183	-17.5609
-11.7912	-13.4945
-12.0524	-12.1292
-11.9692	-14.0811
-11.0539	-14.608
-6.52496	-16.4231
-2.04854	-15.9339
-2.93548	-13.2073
0.0304081	-14.1926
1.30087	-19.8327
0.0801515	-23.1194
2.26649	-31.6786
-0.424281	-33.2604
-1.00892	-31.8374
0.13069	-27.4939
2.66161	-27.0796
-0.38309	-17.8736
1.31894	-12.5177
0.532136	-9.42472
8.55536	-4.42285
11.2022	-1.9482
10.0976	-3.42041
3.43493	-2.57278
6.05023	-5.69625
4.37608	-5.12721
-3.44012	-12.0069
-7.94175	-11.6327
-8.16503	-10.4812
-8.83023	-7.76992
-10.5342	-5.45539
-9.62795	-5.90213
-3.79825	-11.6008
-2.5019	-15.6351
4.6592	-12.7594
8.21633	-7.42829
-4.15483	-8.24588
-10.1395	-11.8756
-13.2051	-16.1894
-15.1805	-11.8651
-9.99174	-10.5299
-11.8868	-3.38075
-9.48562	-4.71107
-15.0221	-7.62872
-11.2116	-9.23879
-7.46904	-17.159
-3.05802	-11.6577
4.80213	-16.3887
1.48301	-27.3117
-0.119399	-30.3875
-4.38611	-23.8542
-6.45507	-22.3334
-9.16584	-21.286
-10.3861	-20.2346
-10.7344	-18.6718
-11.2345	-17.2797
-11.7903	-16.4046
-12.6898	-14.8228
-10.8607	-14.1177
-12.0024	-13.138
-12.0105	-12.4017
-9.79552	-13.6216
-11.1398	-11.7191
-9.41222	-13.9391
-11.7752	-10.2685
-14.2431	-8.37532
-14.313	-9.81446
-15.9671	-6.66928
-17.6662	-5.80546
-16.0756	-7.02085
-15.6197	-10.5902
-15.5447	-9.31162
-15.3489	-9.92325
-16.1768	-6.52539
-13.8396	-6.93029
-7.93641	-12.2785
-4.10028	-18.8072
-5.79115	-11.0839
-2.26155	-11.3658
2.93552	-10.2224
-5.48347	-9.39055
-5.98257	-3.52402
-4.54648	1.36815
-12.4169	0.0924952
-13.548	-1.36236
-16.2432	0.529368
-7.26901	-6.26719
-9.40222	1.07375
-9.32146	-2.8357
-9.30214	-0.860648
-8.63032	-4.4872
-4.428	-9.72371
-5.66557	-7.65561
-2.72056	-6.4788
-8.54447	-9.85609
-7.09478	-11.4341
-6.07946	-11.3094
-4.94128	-14.5712
-2.05579	-16.8412
6.55106	-18.1901
7.77342	-21.48
6.37248	-22.6064
8.26124	-24.7149
6.47239	-24.3375
5.9477	-24.2924
5.87577	-26.2054
5.04585	-26.9317
5.56583	-27.9778
5.65533	-28.3917
4.09454	-32.6692
0.664971	-31.696
4.30171	-33.0993
5.36845	-25.5652
0.754584	-19.3669
-0.992083	-22.2446
-2.78926	-28.6205
-3.00558	-31.4618
-4.01256	-33.1701
-2.40109	-37.1259
-1.16009	-36.6271
0.494607	-36.2121
4.79099	-37.2792
5.80599	-39.0788
3.55325	-25.1412
3.67645	-19.2813
7.13617	-15.0033
7.63635	-17.0414
-2.69381	-20.6564
-9.65832	-14.7453
-11.7698	-6.51846
-17.3677	-0.889432
-16.5746	-8.27652
-6.33409	-14.7338
-1.1722	-10.737
-6.24495	-9.34406
1.64521	-3.77021
-1.27595	-14.0659
-5.1526	-16.362
-10.6399	-11.5421
-13.032	-10.9707
-8.76317	-15.2523
-6.51729	-19.2447
-7.55848	-18.8318
-6.60557	-17.7411
-0.0208192	-8.89515
-1.10778	-9.14302
3.86677	-5.3139
-3.40335	-9.94188
-2.98435	-12.2915
-5.42683	-13.7886
-9.05665	-20.7526
-2.71952	-11.3064
-0.551946	-12.9619
-3.4178	-20.8981
1.5648	-26.1327
2.5627	-25.0989
0.892228	-21.7568
3.39777	-19.6244
2.80299	-27.9162
4.22857	-26.3485
5.48057	-25.8484
3.5831	-24.4321
5.15024	-24.4457
4.37166	-25.9776
0.309578	-22.1633
-6.37416	-15.7471
-11.3287	-16.2493
-13.2081	-14.2761
-14.2707	-16.5189
-14.3536	-19.4238
-11.6777	-21.8041
-6.0551	-23.5841
-2.43902	-21.6884
-1.76612	-19.8335
-0.528902	-18.1422
0.586518	-20.1788
-0.999199	-18.8315
0.425402	-18.7949
10.5929	-19.1923
8.16945	-24.9294
7.46016	-23.3357
8.66219	-23.8206
10.3226	-23.6277
8.76552	-21.8221
7.19567	-18.488
0.760378	-15.2759
-3.21987	-12.2758
-3.36273	-11.7216
-4.89206	-10.1518
-4.13047	-10.3784
-4.36941	-8.26772
-5.48953	-9.48184
-1.65522	-15.7379
6.96998	-15.2113
10.1017	-15.9828
6.43997	-15.5604
4.22425	-10.1357
-0.223043	-9.62279
3.19431	-12.1426
3.25496	-11.3193
5.33885	-2.65811
4.10333	-1.12485
-1.42122	-4.88114
0.586511	-5.50344
0.718879	-11.6615
14.7344	-4.89083
4.0855	-9.63914
4.85575	-8.05205
3.3554	-14.9014
0.56276	-21.5479
2.39975	-27.4168
-4.92178	-22.9962
-6.6953	-24.5866
-7.78464	-22.7208
-7.74283	-21.0941
-6.61007	-20.1323
-4.64597	-17.3239
-2.08333	-21.5535
-3.1085	-13.9766
-0.741407	-11.7468
-1.76336	-16.5205
-3.41936	-2.58797
-1.89644	-5.34038
0.482855	-6.2978
-0.0595289	-5.14596
4.40354	-5.87559
0.422363	-6.01103
7.70425	-11.3346
-0.650733	-8.53174
-8.61637	-7.3983
-12.8636	-6.01173
-13.5745	-5.87986
-11.9866	-8.50442
-8.73122	-12.3745
-9.45187	-11.5732
-9.54278	-9.82018
-14.3265	-4.40883
-11.7173	-7.25218
-6.11318	-8.89322
-3.68849	-1.85496
-7.99966	-1.10132
-13.396	-8.03226
-15.6107	-4.68878
-17.1165	3.7628
-17.5021	3.64995
-12.8338	2.95588
-20.2918	-3.49812
-14.2162	-0.123657
-10.0823	-0.575755
-10.9181	-3.72696
-1.99674	-8.77365
-12.3531	-10.4072
-14.2893	-9.41558
-16.2694	-7.41693
-11.2128	-13.1648
-12.0463	-14.0564
-10.6976	-14.378
-15.3076	-10.7696
-20.1619	-5.46794
-21.6261	-6.95163
-22.4016	-7.77696
-12.7876	-6.48147
-2.51961	-12.7956
-0.580551	-10.7162
-3.07661	-12.1867
-7.39521	-16.8634
-1.15768	-17.0854
-2.11461	-10.5668
1.53519	-5.03808
-6.52398	-23.6331
-16.6909	-20.2876
-13.4541	-21.8247
-10.0819	-23.5826
-8.38748	-22.3033
-4.05586	-22.0051
-3.20935	-21.4237
-3.63152	-19.8086
-0.907266	-19.7196
-0.508153	-18.7283
-1.24246	-16.7273
0.811851	-18.1299
-0.386899	-16.4775
-1.00182	-16.5112
-1.99734	-12.3565
-5.22129	-4.4127
-5.90168	-14.5221
-5.82869	-16.2804
-3.60886	-20.0922
-2.64012	-21.2895
-2.59718	-18.5174
0.659635	-24.3295
1.76059	-27.3788
1.64488	-27.5278
0.755067	-27.1545
0.112626	-25.6756
-0.393222	-26.0711
-1.47416	-26.0389
-0.468124	-26.8852
-10.0121	-25.2736
-6.69213	-30.7598
-3.11338	-29.9089
-8.34004	-24.915
-6.84737	-23.2964
-4.50488	-24.5121
-0.969939	-25.0947
1.9074	-22.6121
0.591295	-24.4803
2.1199	-24.5685
3.76779	-21.2169
1.9059	-12.2772
-0.847676	-7.84785
-3.84328	-6.69634
-5.63854	-7.34298
-7.92339	-5.03213
-12.3288	-1.41743
-6.13859	-8.33064
-10.2252	0.0918689
-8.82043	-6.72064
-7.65539	-4.04755
-9.52161	-8.52176
-7.87807	-2.2637
2.81906	-5.6704
4.53541	1.74529
1.25701	-5.07278
-0.76182	-6.61572
4.17991	-10.3702
2.88501	-9.5118
-3.62041	-10.1164
-4.49094	-2.72802
-3.30764	-13.8531
-3.06784	-9.33715
-8.83977	-0.928066
-8.43342	2.35749
-8.88251	-5.93086
-16.0989	-6.91002
-17.1368	-6.46288
-18.9631	-5.02276
-13.9095	-6.4106
-5.65941	-7.4534
5.24765	-17.8039
6.92519	-17.5512
7.8572	-15.1571
10.0655	-18.3079
8.95106	-14.5949
-1.83218	-16.6124
-2.80069	-10.6525
-0.370153	-10.7556
-3.64549	-9.10687
-2.02502	-11.3693
0.506548	-13.3627
-1.03746	-11.6655
-2.83188	-8.60968
-4.1925	-6.57538
-3.84188	-8.62169
-3.0231	-9.69944
-4.54226	-7.62605
-4.4428	-7.82412
-6.33311	-7.42935
-3.74157	-9.94966
3.27233	-6.04398
-0.755319	-11.3024
-2.12668	-13.7885
5.40746	-8.41294
5.87183	-5.61313
-0.161276	-5.07765
-1.39826	6.92052
4.25661	4.90446
-7.4739	-11.0828
-9.27048	-10.8136
-15.8205	-5.13509
-15.24	-2.92013
-13.1855	-6.217
-10.2004	-9.52146
-10.8357	-11.0071
-10.8163	-14.0773
-13.7662	-12.2219
-11.9909	-11.5621
-9.91528	-11.4939
-6.51219	-15.5706
-5.3729	-23.5008
-4.09832	-28.9741
-2.90953	-30.6738
-1.42496	-15.7154
2.12733	-19.6132
3.75009	-22.6187
1.50411	-22.1688
-0.12154	-21.5544
0.651346	-16.6774
0.0848346	-13.9004
1.42654	-15.2749
4.7278	-5.59977
-8.88436	-13.0271
-12.1766	-12.7727
-9.71037	-7.81087
-6.55292	-11.1773
-7.93656	-8.1719
-11.9285	-6.80345
-3.26381	-13.5167
0.234627	-4.93307
3.3874	-4.3485
1.62028	-7.91934
3.9	-7.33293
3.29962	-6.77804
4.3994	-9.27517
5.22196	-21.759
3.08287	-27.8537
-1.30022	-27.3637
0.636742	-34.1273
0.10217	-33.8224
0.123232	-34.219
3.37633	-28.4565
0.521725	-18.065
0.807284	-22.3752
-1.48514	-24.644
-4.1703	-22.9503
-5.65104	-19.0528
-7.81878	-15.2486
-8.0833	-13.6003
-8.40941	-12.837
-8.9733	-12.2155
-9.01663	-14.1354
-7.69424	-15.9023
-9.51872	-12.7667
-14.6457	-7.00697
-14.465	-7.54544
-11.1719	-10.5607
-2.48048	-12.9881
0.904486	-5.65641
2.53042	-10.8143
-5.82605	-18.3194
-4.28982	-16.6025
-6.44218	-11.7174
-8.26392	-10.5393
-11.1819	-8.82781
-2.8783	-7.55767
-12.7016	-11.48
-13.8083	-10.162
-9.13527	-13.307
-7.72337	-15.9707
-6.18246	-10.6343
-4.15457	-7.64389
-6.98908	-10.8345
-8.53534	-9.45365
1.88304	-6.04915
0.0842673	-7.10078
-2.6181	-6.95191
-10.0745	-15.0403
-6.52168	-15.5603
-6.41873	-17.4648
-8.59193	-17.0897
-2.75266	-12.2803
-3.02376	-13.9836
-5.50551	-11.7344
-7.08817	-10.3901
-8.05205	-8.86361
2.40452	-13.4198
9.26	-18.5471
11.4498	-18.4147
9.69923	-16.0928
8.18079	-15.064
1.26897	-13.6201
-5.7142	-14.299
-12.6175	-5.17856
-10.7377	-4.30831
-9.08265	-4.31401
-7.5232	-7.06231
-7.0649	-9.13092
-6.07654	-12.4637
-3.89986	-17.7312
-3.45392	-18.412
4.80103	-12.5153
-1.1862	-7.47301
-1.31437	-8.98153
1.32511	-3.21283
-4.42788	-6.02444
-4.9562	-5.57242
-5.66285	-15.8858
-12.4166	-23.5629
-0.728935	-27.2691
-6.59019	-27.2754
-3.85317	-31.2223
-4.58689	-27.8541
-1.44004	-28.2949
5.99109	-30.5416
4.85355	-23.7932
5.58399	-17.8587
1.36103	-15.8841
-0.00878721	-15.2568
5.87698	-14.7014
5.19163	-15.2356
4.78802	-12.9009
4.99551	-14.2362
6.12435	-16.7611
5.13179	-15.1969
7.30639	-9.95833
1.61129	-13.0399
0.202484	-15.8619
-0.595998	-23.0859
0.333349	-26.1546
-3.05097	-20.7271
-5.13637	-15.9333
-6.14412	-13.737
-9.15157	-10.6042
-7.71221	-6.55708
0.780519	-8.85673
7.32838	-10.5145
3.94679	-15.7886
-3.65816	-16.3274
-4.2419	-12.7208
-2.78448	-10.0691
-6.15501	-14.513
-9.2506	-11.6259
-7.09679	-9.3344
1.48374	-8.18556
3.43617	4.33211
-7.04906	-10.8232
-2.59472	-4.07303
-11.1163	-12.2771
-10.4561	-10.4061
-2.85972	-11.1456
5.57561	-15.0386
7.79135	-18.0124
8.86786	-18.8026
8.41981	-17.9601
8.29334	-19.0676
7.80289	-16.2366
9.59173	-18.3813
8.48594	-17.451
9.04479	-18.8987
9.0357	-20.2874
9.31131	-24.3558
10.5919	-24.2469
6.38303	-16.1144
-4.57432	-13.7707
-6.95672	-14.4166
-6.70786	-15.4995
-4.44817	-17.6074
-3.48912	-17.5962
-3.07247	-17.1349
-7.77648	-11.3809
-7.42039	-13.3176
-8.50693	-13.4655
-3.77041	-15.5462
-2.40375	-19.2526
-1.43261	-22.1128
-4.22851	-20.9363
-7.7245	-19.2428
-10.1714	-16.0545
-10.0781	-16.8513
-7.95319	-17.2469
-10.2311	-11.1696
-13.0715	-5.30012
-9.84131	-8.93126
-7.88086	-3.09269
-5.88721	-6.11961
-12.4119	6.15758
-19.4258	1.86564
-9.45515	-0.0832653
-11.5825	-5.78084
-14.1294	-0.793079
-19.1154	-5.77279
-13.3086	-6.12616
-3.86942	-2.45732
-9.66439	-6.93996
-18.3805	-4.64137
-15.9401	-4.45223
-14.7845	-4.08977
-11.9599	-6.89614
-13.4835	-4.91255
-14.2507	-8.53124
-7.6087	-13.6033
5.24633	-14.979
6.3855	-11.599
6.20222	-6.9999
-7.3421	-2.78138
-11.2264	-9.83051
-10.0046	-7.07428
-9.25998	-11.117
-9.77905	-11.6505
-8.76344	-8.31638
-7.51705	-6.33046
-4.83842	-6.79888
-0.634829	-7.29959
0.996787	-6.29569
1.80287	-6.84464
2.50602	-7.07161
3.13245	-8.02284
6.03898	-11.2133
7.20305	-14.7813
2.19054	-13.8313
5.47822	-17.9301
1.88719	-16.9511
6.1309	-20.198
4.71381	-9.09502
6.8021	-18.0742
1.05896	-11.4857
3.20945	-17.6347
2.17937	-16.1523
-0.31306	-15.8505
0.969927	-12.3265
0.412656	-12.5962
9.59478	-8.48728
10.1284	0.295086
11.4028	4.60761
4.63737	-2.37506
4.21846	0.635271
1.35967	5.06985
0.0391557	-3.2218
6.82274	-1.52834
1.94672	0.625479
0.65003	-3.89426
1.11529	-8.48892
-0.560056	-3.24722
-0.926932	-6.64739
0.223758	-8.16532
2.47687	-2.27324
2.75759	-3.02093
-4.0357	-2.76672
2.58277	-1.85983
1.84994	-7.28141
-1.96596	0.0192226
4.61398	-1.96165
3.23523	-9.84286
5.78221	2.24522
3.97067	4.33892
2.95408	4.06765
5.8601	-4.25028
-10.7979	-20.8227
-13.322	-25.7787
-11.1007	-31.1702
-9.80993	-26.666
-8.9123	-23.1643
-2.11307	-18.9997
-1.74825	-17.7091
-1.9565	-16.6445
-0.616939	-14.2767
0.559214	-12.6869
1.08664	-14.0217
0.267274	-14.3641
-0.038128	-13.0305
-0.480435	-13.0092
-0.504574	-12.6691
-1.88332	-15.0869
-5.81167	-18.2317
-9.83813	-17.2876
-12.312	-9.33546
-13.9569	-1.9768
-10.6451	-1.85144
-10.321	-2.23566
-2.11946	-5.68336
2.6612	-2.6072
-7.26906	-7.85295
-10.0139	-0.465005
-3.95475	-2.25769
-9.93108	-4.6324
-11.9824	-7.68816
-9.18673	-15.8041
-8.67968	-13.6361
-7.82462	-10.3297
-1.08237	-22.0551
-3.74225	-20.8308
-9.33184	-14.0951
-4.85342	-17.5806
-4.81756	-22.1326
-6.12278	-24.6984
-6.89411	-29.1093
-8.86664	-31.0798
-9.97617	-32.7481
-11.7526	-29.5297
-10.7109	-30.8038
-4.08766	-17.0023
-3.63381	-16.922
-4.7446	-18.8705
-3.01128	-20.4966
-2.55117	-20.511
0.734736	-18.2083
3.55955	-16.4598
2.05033	-17.5673
2.48887	-18.4457
1.54313	-8.80422
1.59536	-29.2854
-2.75128	-20.7731
-4.79743	-22.4407
-5.18089	-19.3735
-3.80048	-17.1005
-4.33054	-17.709
-6.3699	-17.4773
-9.43441	-16.1215
-9.72431	-15.3427
-8.03792	-12.6849
-7.46584	-12.7073
-6.31956	-14.8016
-3.55744	-18.4616
-2.89726	-16.306
-3.05267	-11.9081
-0.246949	-10.0385
-0.4888	-14.989
0.421593	-5.45888
-9.25209	-4.22327
-22.6092	-4.53961
-10.654	-6.43177
-7.31042	-10.4975
0.231886	-1.02881
-4.25807	-1.71341
-8.82972	-11.5244
-6.58794	-19.0128
-1.53751	-13.8176
-1.24207	-14.6312
-3.16239	-15.8893
-6.19618	-17.1735
-6.13401	-18.3654
-8.21368	-14.8672
-9.1232	-11.2684
-7.7367	-10.315
-5.1094	-12.1409
0.882049	-19.1059
4.51545	-24.7312
4.07146	-22.8788
7.1357	-25.1338
10.0198	-25.5397
11.2073	-25.2949
7.82536	-21.5021
-6.17168	-9.5841
-0.481739	-14.1608
-2.30386	-11.8071
-1.56534	-11.5516
-1.20661	-11.4813
-2.40641	-11.8914
-2.06073	-11.8035
-2.76363	-13.2877
4.76982	-4.02661
-7.98794	-1.42334
-12.5539	-3.91749
-13.5037	-0.182131
-6.62961	-3.59077
-7.99659	-4.70299
-6.78235	-8.98375
-6.40526	-8.34036
-8.17839	-18.03
-4.7646	-17.18
5.53398	-10.2093
-0.303497	-22.3414
-1.54541	-21.2
0.803905	-24.1192
-1.23044	-22.3119
-1.38653	-21.0273
-4.0157	-18.1034
-4.81374	-16.7983
-6.261	-16.1282
-7.09179	-14.3528
-5.85232	-14.7321
-4.57211	-15.6674
-4.4951	-14.9507
-6.54737	-12.2395
-8.16196	-10.1512
-11.7005	-5.06561
-12.8541	-6.71914
-9.98383	-12.5769
-0.670478	-24.4825
4.32036	-21.1263
2.89985	-20.6301
-6.7053	-13.7195
-8.25423	-10.8227
-3.76688	-10.5477
-8.11981	-9.24683
-10.1833	-12.2568
-5.75662	-16.0552
-3.62643	-17.1652
-7.18894	-15.3507
-3.94858	-13.6192
-3.73933	-15.3711
-3.23079	-18.0614
5.27185	-20.2861
3.96839	-19.9888
-1.53104	-19.5925
2.37046	-18.408
9.28261	-15.813
0.956058	-18.6615
5.41284	-24.5611
0.198973	-20.0541
-0.0368007	-26.8322
-2.94798	-22.1845
-3.89629	-26.7611
-6.05861	-24.0871
-5.9767	-26.2237
-4.28026	-26.4847
-6.13339	-26.0732
-7.34911	-24.1896
-3.54986	-25.5099
-2.8399	-28.3167
-1.91463	-26.9887
-1.41825	-24.2095
0.455597	-23.4317
-0.203041	-25.8208
1.36413	-17.2045
3.86059	-16.0277
6.49877	-16.4768
8.22596	-13.3681
14.9458	-6.69748
8.21587	-13.1859
8.24779	-3.11278
3.91276	-5.67663
3.89781	-3.23427
2.10459	-5.48685
3.72616	-4.85819
1.99494	-4.6013
2.27901	-8.22171
-2.31426	-6.43993
4.36232	-6.97036
2.30437	-7.28015
5.31768	0.249498
1.2391	-7.9465
-0.272261	-1.52411
2.51158	-5.50303
2.72664	-2.97397
2.92541	-1.88803
3.4225	-5.61065
1.69586	-3.33677
4.19986	3.28033
1.73002	-6.94433
1.60565	-0.183358
1.78459	-7.53611
5.57792	-3.66105
-1.68306	-19.7949
-5.96175	-33.2008
-0.609597	-22.6473
7.51135	-19.607
1.05283	-21.0962
-5.29859	-25.1541
-3.52409	-29.3641
-4.7375	-32.9305
-2.48853	-28.6923
-4.16354	-12.2185
1.70865	-7.52852
-3.23358	-4.82517
-10.3026	-3.48826
-12.2821	-7.3817
-8.79299	-5.56829
-11.5146	-4.01493
-6.37173	-11.8447
0.683157	-8.7515
-2.88788	-12.3071
-4.72326	-16.5659
-5.62024	-17.296
-3.87248	-17.4708
-3.59641	-17.0055
0.776573	-22.4799
1.90633	-24.656
1.7351	-26.7848
1.92528	-23.6072
-2.72665	-17.2251
-2.30771	-15.3668
-1.92625	-17.0385
-3.96572	-14.9853
-1.65785	-15.2174
-4.94137	-13.1651
-4.23185	-12.6994
-1.00883	-18.1549
-2.49393	-15.2079
0.752789	-20.3914
1.79732	-30.1305
6.51426	-30.2349
9.199	-31.5849
7.73426	-33.4735
3.84178	-28.9819
-0.630528	-26.647
-3.77	-22.4723
-7.00942	-20.271
-9.37783	-17.2501
-11.9583	-15.195
-12.1392	-13.3656
-13.1523	-10.9361
-10.9496	-9.19958
-9.05674	-5.78157
-4.06008	-8.70272
1.88611	-15.5054
0.586325	-14.8296
2.00646	-3.6416
0.465432	-7.72037
-2.90677	-17.0566
-4.89406	-14.2932
-8.14835	-14.2426
-6.91698	-16.3617
-6.13323	-18.5579
-5.27378	-20.556
-5.60606	-23.311
-3.65161	-26.7863
-1.81628	-27.8567
1.36046	-24.3037
-1.03474	-24.3959
-2.35592	-24.9423
-5.36268	-22.388
-3.07339	-27.0856
-2.15045	-24.7219
-2.42368	-16.3535
0.325773	-15.641
8.41749	-12.0535
4.61488	-4.38751
-1.18348	-18.3263
2.57221	-11.7321
1.02014	-14.1192
4.56222	-26.209
-1.39355	-29.7106
-5.68796	-25.6284
-2.46017	-23.6528
-0.525019	-21.6458
1.9582	-17.8439
2.05277	-26.0674
4.13925	-23.9799
6.01794	-24.8362
7.45345	-23.0142
9.06238	-23.4293
8.55073	-23.5698
9.72413	-24.2166
9.25604	-22.3295
3.70489	-15.8706
-0.528588	-15.2169
-0.904363	-14.0747
-0.315441	-19.745
-0.769258	-20.6614
-1.82703	-23.0504
-4.97615	-24.5681
-5.01675	-27.653
-6.26468	-29.2175
-7.48069	-31.2925
-3.31301	-32.6274
-3.47331	-30.2885
-3.32447	-28.1211
-4.68675	-26.3943
-5.3413	-27.5844
-7.16743	-30.2371
-6.26242	-29.7658
-6.47846	-30.77
-6.82322	-31.3337
-5.36544	-32.7922
-3.45874	-33.1622
-3.38054	-29.5916
-2.81213	-26.2827
-1.77702	-25.2947
-0.813166	-22.3073
-1.47208	-17.4957
4.78933	-16.7773
9.91444	-18.3154
6.83509	-11.9387
4.02669	-8.1075
5.58555	-12.1945
4.10187	-11.6812
9.50035	-16.3298
2.31136	-13.1346
9.01374	-15.105
6.77177	-10.6592
7.51184	-3.70984
5.86953	-13.5445
7.1842	-10.2559
4.11236	-9.16323
-1.95991	-7.8696
-0.876845	-5.40506
0.0481778	-15.333
3.36746	-10.0847
-8.10589	-8.02699
-11.9219	-8.51575
-7.83596	-12.7206
-5.56318	-15.1999
-8.14035	-13.6019
-7.34486	-17.1276
-5.59865	-20.9656
-4.66435	-19.8299
-1.20093	-11.5465
-6.40401	-9.40483
-8.07157	-9.9277
-4.3021	-9.80084
-4.29022	-15.5889
-5.56487	-11.4582
-6.71757	-9.86812
-19.1112	-3.78634
-16.4104	5.82365
-16.7989	-3.63383
-11.2201	-10.0186
-5.41643	-8.17245
-8.08999	-12.2009
-6.33443	-14.3869
-4.39014	-11.9744
2.00259	-3.59336
1.94938	-1.26515
3.80254	-7.78494
0.818081	-1.55669
3.78951	7.29161
0.043554	-6.75607
-13.7895	-14.862
-17.6588	-12.967
-15.3268	-13.6863
-12.9093	-13.0927
-13.533	-9.26144
-7.07747	-16.5077
-6.01616	-8.84043
-7.27397	-1.20956
-10.6575	-6.12129
-15.6385	-0.927764
-15.1146	-4.57393
-18.2787	-6.12837
-12.6401	-7.4983
-16.3936	-9.81663
-17.2162	-10.1531
-7.84473	-14.9581
3.78255	-19.6706
1.71	-29.918
-2.37033	-29.5026
-2.61004	-29.1594
-3.81273	-30.2054
-1.9377	-32.5173
1.76118	-33.6731
3.44042	-35.6577
5.97128	-32.7471
8.92206	-25.7021
2.82786	-14.9184
4.77281	-10.3601
4.76445	-13.723
0.891236	-7.47044
3.29747	-8.48229
4.73089	-15.261
7.00646	-12.1445
9.39206	-15.8665
3.60057	-13.1591
3.79346	-22.698
8.03374	-28.5248
4.77232	-23.2675
4.48324	-21.4077
1.81232	-19.3426
0.61662	-19.2198
-0.212973	-18.7502
-2.37715	-18.9809
-8.07642	-11.6306
-2.37052	-9.6645
-9.29937	-6.27389
-7.25613	-12.3194
-9.52175	-6.37334
-4.22893	-4.04476
-3.34562	-9.49698
-1.57175	-10.1191
-6.228	-13.9558
-7.7274	-14.0842
-6.49475	-8.0932
2.92771	-5.46321
1.34028	-10.2946
5.69891	-7.45313
-2.42853	-1.00854
-8.46792	-8.58615
-9.30269	-8.10564
-11.1188	-1.89834
-4.9301	-4.78148
-13.993	2.59861
-14.0913	-0.438507
-13.6084	1.73802
-14.7153	-3.27444
-14.4428	-2.00658
-19.1887	-4.38331
-16.224	-4.02485
-17.8068	-2.28134
-17.8955	0.4272
-11.9701	-1.09915
-15.8441	-0.907966
-12.2668	-5.28869
-2.25162	-1.47194
-5.79037	-3.42568
1.44216	0.210536
4.04078	-3.72215
3.52431	-3.56061
0.706809	-4.72959
4.09957	1.71115
4.15273	-13.4532
4.88278	-9.48993
0.681809	-10.9052
-0.791864	0.737881
2.69661	-1.41012
2.62299	-3.5997
1.12515	-4.55785
5.82905	-0.368667
2.69693	-2.45454
1.61035	-0.7775
3.16411	-2.79307
5.05497	-2.25476
3.19577	-4.13811
6.66578	-4.29824
9.11377	4.11751
-0.761229	-2.7972
3.39166	-1.67899
-1.41214	-2.69457
2.25905	-5.91926
5.85191	-5.09998
-4.18599	-15.0351
6.38097	-3.27084
2.70859	-2.7694
-14.079	-15.9111
-3.2534	-10.9582
-11.727	-21.46
-11.8959	-24.9956
-6.87749	-20.0245
-4.07952	-15.8017
4.87619	-5.34729
-15.0007	-17.1443
-15.3242	-21.3314
-12.2732	-26.7431
-15.5099	-21.5294
-9.62128	-28.1866
-11.0619	-24.3082
-9.95329	-23.4914
-6.21069	-23.3441
-3.31729	-24.2644
-7.90422	-12.0992
7.75731	-14.8719
4.66408	-6.40276
4.06523	-8.35626
2.90058	-15.7848
6.6481	-10.5643
0.67611	-8.99778
-8.26092	-16.9019
-10.6771	-14.9036
-6.53577	-15.6336
-5.37736	-31.0726
-5.60363	-32.8371
-7.19367	-32.2697
-6.75124	-35.2087
-5.73341	-32.5125
-2.04872	-33.2385
-2.73507	-32.9487
-2.53633	-35.0705
-4.9232	-35.715
-5.91104	-34.0249
-10.5758	-29.6164
-17.0525	-24.6407
-17.8378	-17.115
-6.97118	-19.5987
-1.07383	-20.5674
-2.68649	-22.5116
-5.67151	-23.8977
-3.31706	-24.1763
-5.57735	-23.329
-7.01459	-22.5552
-9.59752	-33.5511
-6.95506	-34.2844
-4.42728	-30.8339
0.924355	-27.0944
1.58944	-22.4394
-0.0100066	-25.7792
-4.51584	-24.1678
-6.2839	-23.6719
-7.91256	-19.0726
-11.6407	-16.3856
-10.6758	-21.9263
-5.41893	-29.515
-0.874249	-20.0677
-3.32717	-7.22412
-1.60043	-9.37732
-4.98698	-14.8245
-10.0833	-11.1698
-7.23098	-6.00232
-9.8439	-15.0193
-9.08435	-21.7111
-5.21953	-17.8181
1.53878	-13.8366
-2.5111	-15.027
-8.49427	-14.885
-10.4251	-11.9939
-6.88898	-16.3132
-5.77587	-19.0672
-3.48418	-19.4112
-3.62836	-15.4992
2.25905	-11.3029
-0.694123	-13.8138
4.49515	-21.2207
3.3515	-20.8714
2.54288	-23.6491
6.72414	-27.0699
8.07523	-29.0045
7.85792	-26.5108
7.54513	-25.8224
11.7695	-25.1733
13.0175	-25.635
11.3103	-26.3006
5.78808	-19.7159
0.570864	-25.2529
0.834952	-30.6874
0.078848	-32.2609
-2.21962	-29.9126
-2.95884	-28.4881
1.32075	-21.1917
0.708282	-21.5884
2.63672	-23.7105
-0.157242	-17.1851
0.271421	-14.2568
-2.05159	-13.9241
2.00016	-10.6319
-7.32337	-8.53742
-4.79583	-4.05886
-6.37738	1.95063
-4.23554	-5.58898
-0.0422687	4.30992
0.450568	-3.19272
8.57429	-1.07009
-0.502914	-20.9329
-3.96959	-10.8546
-8.74896	-12.0386
-10.3276	-12.5032
-8.83872	-15.1282
-9.07565	-15.8394
-7.4758	-19.2615
-9.74025	-19.9764
-10.293	-20.473
-9.43238	-19.9005
-8.32189	-19.7345
-6.97564	-20.715
-5.51168	-20.6449
-6.46522	-19.7592
-5.88596	-20.5468
-3.10095	-22.6002
-1.61674	-20.7923
-7.23731	-12.0326
-11.6767	-10.5832
-10.8957	-8.15537
-6.2131	4.83601
-9.75456	3.32037
-15.6592	-1.66975
-17.4021	0.601506
-6.92847	-4.46534
-3.94988	-1.69708
-0.792999	-11.4043
-3.0092	-7.83008
-3.2912	0.717124
3.25152	0.936956
-6.88902	-8.34998
-10.1737	-1.89194
-4.01954	-6.54218
-6.14046	-9.04169
-2.82036	-13.4452
9.14199	-16.6117
10.1392	-17.8124
9.49557	-18.0446
9.48097	-15.8468
10.7824	-14.8774
9.59501	-15.0618
4.48722	-12.3265
2.66476	-11.5265
5.08777	-11.1026
6.80838	-14.5588
9.90388	0.331121
3.99516	-6.003
-1.79233	-9.99128
-6.38258	-14.8865
-10.7469	-19.2593
-5.96214	-15.9594
7.95289	-18.2237
-3.60613	-22.6044
-0.851483	-17.3976
-2.2962	-17.7501
-3.8915	-20.9592
-4.7161	-21.6216
-2.07192	-23.4062
-0.373975	-23.0645
0.470738	-23.7628
0.624124	-26.0594
-0.263728	-24.4231
0.512783	-23.6378
1.1467	-25.8286
0.367693	-23.6764
2.4883	-22.1355
6.83708	-14.4877
3.88236	-15.1945
2.73798	-13.818
6.10604	-16.4949
2.86513	-13.7699
6.08062	-13.8945
5.53818	-17.8866
1.36292	-14.4652
-4.92707	-19.839
-11.2707	-14.3578
-12.8552	-13.0094
-8.3769	-18.0689
-8.7172	-11.3664
-11.6991	-14.8708
-8.76273	-18.2495
-4.21785	-13.4591
-4.06718	-14.8974
-5.82511	-8.97366
-7.41332	-11.0423
-12.5697	-16.1837
-12.0493	-15.003
-17.9121	-9.9972
-13.9982	-7.45536
-7.98368	-10.9091
-9.69495	-15.5555
-5.82301	-12.8166
-1.85571	-7.65694
-9.24775	-19.3494
-9.98213	-18.9172
-13.1908	-9.5433
-9.56002	-11.2068
-3.24747	-9.22722
-5.71245	-5.83332
1.67669	-4.6327
-4.08484	-9.7018
1.81827	-7.87216
-9.78106	-7.57888
-1.35327	-11.0993
-3.12565	-10.4494
4.23944	-5.11409
2.71131	-7.19914
0.841922	-6.36474
1.53592	-7.09996
-0.191169	-17.3436
4.74506	-4.03472
3.73537	-6.07588
-1.70332	-4.78746
3.09641	-5.95548
-2.97032	-6.06261
0.389196	-6.5162
3.06444	-3.73706
-0.314377	-1.99403
5.80267	-3.58242
4.14801	-1.91231
6.2034	0.0976913
2.59636	-0.547321
-4.66694	-3.50711
-4.33773	-8.75768
-10.2007	-9.49234
-5.02047	-1.64426
-8.61525	-2.26922
-13.2789	-7.49331
-11.4149	-11.8743
-5.51661	-14.6187
0.710143	-23.9418
2.66327	-29.1964
3.46471	-33.3206
2.48712	-32.6296
3.41249	-32.9361
4.65729	-30.66
2.85323	-26.033
0.804092	-17.5201
-1.97998	-13.2259
-2.64482	-6.62043
-4.11388	-2.48517
-11.731	-9.62983
-10.4859	-8.81128
-11.8903	-15.6722
-15.205	-9.98067
-6.4454	-7.51163
-3.65246	-16.2827
-8.19499	-10.7551
7.09599	-13.0941
-2.41097	-22.5997
-1.92163	-20.8077
-1.72094	-17.1832
-1.12422	-15.6145
-3.65944	-12.2943
-3.57898	-12.5256
-3.54513	-10.7671
-3.04048	-9.22912
-0.912249	-11.0487
-0.454292	-13.2403
0.0829059	-14.7781
0.618954	-17.0396
1.99283	-17.8319
0.504731	-21.2958
0.0846949	-23.497
-1.25156	-24.5825
-1.05154	-24.2472
2.0881	-24.1383
1.35779	-20.6661
-0.202605	-20.7863
-4.58526	-21.2585
-0.849851	-20.2107
-3.49215	-23.5187
-3.5088	-20.3933
-4.86807	-13.6857
-3.46597	-18.3366
0.773213	-26.135
6.29691	-16.6807
-14.3412	-7.53752
-8.93688	-0.77355
-10.3123	-2.11054
-13.7389	-3.67757
-19.5413	-5.28401
-15.4253	1.61232
-16.4813	-9.46102
-13.2813	-10.1086
-5.22574	0.153267
-2.716	-8.77649
-4.43456	-29.4227
-3.35572	-16.1618
2.40201	-4.74978
-3.2069	-6.65581
2.77078	-3.38667
2.64573	-4.44584
7.90859	-12.5826
4.0724	-4.48076
3.15521	-3.28527
-2.77576	-7.08129
5.29626	-10.4882
5.69137	-12.3966
-7.26144	-11.9644
-10.2701	-20.0449
-8.15649	-23.7144
-8.81281	-22.2671
-7.9193	-22.8292
-2.85143	-20.3532
5.852	-19.6371
4.50718	-18.3349
5.96468	-16.4806
5.70049	-14.9749
6.07124	-16.9066
5.82387	-15.424
8.80966	-13.9323
9.23167	-15.189
9.29787	-15.4088
11.8147	-18.9894
8.49905	-16.8991
11.4019	-19.3483
13.2557	-22.184
12.2503	-21.8241
4.23879	-15.3411
-0.385547	-20.8029
-0.939174	-23.4809
-1.37863	-24.5033
-2.97687	-24.8647
-2.99392	-26.1031
-3.89496	-27.1032
-4.22839	-28.0626
-3.43056	-28.8599
-3.64712	-28.0153
-4.09573	-28.1048
-3.40099	-29.3712
-2.1166	-28.311
0.308636	-28.5261
-2.33974	-23.1784
-6.36423	-19.0875
-4.60729	-25.9009
-2.0469	-18.0584
1.85796	-5.27698
-8.49498	-8.52033
-11.981	-12.4945
-1.38703	-9.48416
-10.5389	-5.31713
-2.79467	-4.42751
-8.04797	-5.37668
-12.1456	-7.38592
-10.21	-3.84175
-6.46916	-6.51625
-9.34331	-7.33494
-12.4229	-15.7588
1.73618	-10.3927
5.53252	-15.1669
-1.98396	-12.9803
1.39674	-10.2411
-0.800049	-7.95751
-2.40248	-7.5417
-1.46197	-5.61718
-0.778485	-3.15787
4.1699	-2.83517
1.40095	-14.5522
5.15213	-30.9714
8.788	-8.12692
11.2637	-9.28316
-0.809383	-22.6432
1.88151	-26.9621
0.262404	-17.6981
-7.21861	-9.4317
-10.7979	-9.05943
-11.2392	-14.2753
-7.71496	-16.7514
-6.83922	-15.6557
-10.8527	-11.031
-13.1765	-7.5782
-17.1438	-7.3165
-14.4604	-4.73381
-11.9118	-6.61698
-4.79443	-12.9637
-1.81436	-21.7103
-0.754184	-28.6172
-2.07606	-30.1342
-2.23056	-31.3679
0.938776	-28.6956
6.50815	-20.6092
5.24679	-17.3304
3.3861	-14.8853
2.47738	-7.83835
5.19918	-15.0659
6.93858	-9.8226
6.71119	-12.8427
4.6266	-7.69435
6.2963	-11.3975
2.6304	-8.46418
4.4994	-8.94407
-1.9195	-13.7091
-4.41949	-16.6735
0.69453	-25.1194
-1.00756	-29.9997
-1.81636	-32.8162
-2.88117	-31.2709
-5.07112	-30.1959
-4.77372	-29.5627
-3.40398	-29.0865
-3.20757	-28.197
-4.83448	-25.9198
-4.58124	-26.27
-5.27134	-25.1099
-4.09563	-27.0143
-4.64134	-26.218
-5.75857	-28.3743
-5.65759	-30.8286
-4.94077	-29.6553
-4.55083	-26.9253
-5.37419	-24.2868
-4.70719	-19.8418
-4.14076	-18.1563
-1.43497	-18.8321
-6.81819	-13.8175
-3.70408	-12.6531
-1.87876	-13.7023
2.95696	-10.8592
-0.0672488	-11.0657
1.49222	-9.7984
4.86145	-5.08339
-5.04861	-11.076
-6.57141	-9.89164
-6.24925	-18.1054
-2.42254	-7.75802
-1.78902	-4.0838
-2.80705	-9.59201
-6.59276	-4.87223
-3.17891	-7.62994
-6.29881	-7.37164
-9.44566	-7.05794
-10.0735	-12.7999
-13.0102	-19.2658
-6.04328	-3.89427
-4.99532	-5.09822
-6.0703	0.336991
-2.65881	7.53614
-3.63786	5.22997
-1.77698	-3.08782
-0.747226	-3.23738
0.207292	-3.46599
3.04438	-3.7593
0.651522	-2.67067
-1.55449	-7.06329
-0.474988	-6.84802
1.36185	-5.93386
1.06655	-9.46143
8.47871	-8.82902
4.0093	-13.7324
0.714285	-10.2097
-0.819842	-17.5301
-1.87712	-11.4241
-1.55404	-20.5591
-6.37234	-23.7975
0.220129	-20.2733
1.95398	-23.4271
0.288034	-29.4524
0.151782	-32.4413
-2.62166	-30.9465
-1.99406	-31.7617
-2.49791	-30.8366
-3.66772	-31.6825
-4.89333	-34.0588
-7.87148	-33.8938
-8.91065	-31.0845
-9.03904	-29.9158
-8.54717	-31.2688
-7.90082	-31.6619
-5.50995	-31.249
-3.2065	-30.2836
-2.09957	-30.8393
-2.95534	-28.0779
-1.31328	-25.38
-0.346054	-26.2509
-3.41704	-23.7583
-2.07948	-24.7637
-3.24631	-24.5415
-4.60568	-23.864
-4.81075	-28.5479
-3.4184	-24.0413
-1.98165	-26.535
0.856784	-26.6785
0.472889	-24.3784
-0.13594	-18.4537
0.702695	-16.4861
-0.467924	-17.6816
-1.16917	-19.4403
-1.80757	-17.8862
-1.5344	-16.7994
-1.68569	-15.3811
-1.97446	-15.1009
-0.177539	-15.6771
0.868408	-16.5879
7.48151	-22.3232
2.08355	-25.3579
-0.710111	-18.4602
-1.14565	-20.4478
-3.83611	-19.1658
-3.79913	-14.379
3.13455	-15.1201
0.431007	-6.48544
-10.4735	-7.87376
-5.6837	2.24354
-8.4912	-4.0369
-8.91303	-10.9958
-10.6492	-10.3123
-9.62675	-7.30011
-12.3805	-8.96255
1.89077	-9.8945
2.58168	-10.4038
-2.03105	-14.1132
-6.80386	-13.4062
-8.50025	-9.97307
-7.63487	-12.1887
-8.09368	-12.311
-8.14867	-10.7278
-9.4067	-10.9109
-9.5176	-11.2135
-11.1827	-11.5434
-12.7879	-11.5981
-9.72546	-13.1893
-1.44515	-3.17702
1.90566	-4.54724
-0.245521	-1.99052
-6.59231	-4.57993
-9.48849	-13.9195
-7.42159	-9.03153
-1.71884	-7.62448
-11.8733	-11.0367
-14.4069	-8.41852
-12.1753	-13.2375
-11.2469	-14.6548
-12.2768	-13.6825
-10.5878	-15.6404
-8.8683	-18.0355
-5.22411	-16.9905
2.23576	-9.51152
-1.12985	-12.2998
-1.30041	-8.9731
0.592274	-12.0819
-6.98727	-5.53154
-0.996076	0.107558
-5.23079	8.49846
-7.78497	4.47393
-8.50178	4.7465
-9.38051	-5.80844
-4.56994	-8.1473
-1.71937	-13.1112
-2.76814	-14.9844
-4.95346	-14.7533
-6.94151	-15.7537
-3.69179	-21.8009
2.72556	-25.6449
4.48332	-20.9047
1.82994	-21.86
-0.552968	-21.2158
-3.40949	-17.3952
-7.21701	-11.5267
-9.01253	-6.9984
-5.24424	-9.47802
-7.56444	-7.1392
-6.46452	-8.92053
-5.05794	-10.6719
3.8072	-24.9388
3.94126	-25.7074
2.33058	-24.9594
4.10212	-24.2048
-2.25132	-21.9653
-0.247363	-14.5017
2.19964	-12.942
3.98374	-8.85751
-6.90122	-7.2749
-11.3574	-18.8507
-8.99729	-16.1654
-1.07692	-5.71672
-8.06087	-9.13
-10.9275	-12.8317
-12.6336	-12.4116
-12.746	-12.9015
-13.1563	-12.358
-12.7704	-9.89841
-5.29459	0.376254
5.25679	-11.0299
3.86684	-6.77619
1.65826	-9.8943
-4.21764	-20.8398
-6.64035	-12.6283
-7.812	-16.8971
-3.98311	-16.2217
3.09128	4.17287
-11.3776	-12.6688
-11.4465	-9.66053
-11.0273	-9.3319
-12.3556	-8.23237
-11.9288	-10.6009
-8.31556	-14.6206
-6.70044	-15.4378
-6.11829	-15.6466
-4.8354	-16.19
-1.44218	-16.134
-2.13337	-16.4102
2.16099	-17.0401
2.72154	-14.2815
2.25592	-12.8368
3.6995	-12.5709
3.51856	-10.4979
4.45863	-5.21042
-1.68417	-8.3547
-12.3247	-25.7485
-1.91395	-25.9518
0.159925	-27.2858
-0.0334662	-23.8544
-3.99116	-26.5142
-2.9592	-29.0476
-1.82009	-28.5409
-1.25864	-30.9927
-4.50678	-24.8861
-3.30411	-25.2994
-4.20425	-27.5942
-3.13564	-30.6429
-3.07739	-31.6807
-3.89588	-31.4898
-6.13483	-28.3496
-4.32872	-28.8073
-6.54111	-30.5628
-4.02923	-23.6601
-6.0178	-13.5725
-2.17714	-12.2425
-1.61295	-5.69434
1.34999	-4.5162
0.545703	-1.55647
-0.542515	2.72549
-2.54291	7.69387
3.32816	7.91058
1.11971	2.58642
-0.990184	4.31952
-7.44485	2.00289
-2.36938	0.560434
-5.05552	-3.20668
-0.302299	-4.29631
0.982839	-1.16099
4.21548	-10.4876
1.00989	-2.53772
5.42614	-1.34059
-0.312864	-2.90233
-1.96952	-8.00401
-3.44863	-8.41296
3.86399	-1.47708
3.08171	-5.39226
-0.674055	-6.32517
-0.236243	-7.16774
4.29912	-11.0676
3.84057	-5.33865
-0.918313	-6.78933
1.0581	-4.35933
3.07921	-6.30539
-6.47096	-3.21013
0.971876	-4.43253
-0.203957	-1.96948
3.269	-4.44633
0.433341	-7.7965
3.88247	-5.87748
0.847295	-5.47795
0.100129	-4.28517
-8.40846	-17.0461
-6.5937	-15.1401
-3.56503	-20.1338
-0.890422	-21.0367
-7.56945	-17.4238
-8.78821	-16.6474
-6.36732	-17.7537
-9.33091	-16.2861
-10.7745	-13.3153
-11.2046	-12.8314
-9.84237	-14.8915
-10.0501	-14.1753
-6.77875	-13.009
-7.4689	-14.1016
-4.42721	-1.42853
-17.6941	-3.99098
-11.4338	0.703808
-13.3709	-8.41333
-13.9838	-8.41035
-11.2509	-11.67
-10.1936	-11.0685
-6.7825	-8.70539
-9.17534	-12.2349
-10.9501	-12.9206
-12.1781	-14.9225
-8.98838	-17.77
-6.17141	-19.5403
-3.31081	-17.5975
-5.00227	-10.1355
-5.5086	-11.5386
-7.12546	-12.3931
-9.48745	-10.8799
-10.7331	-10.4909
-9.43485	-9.05495
2.27355	-10.3216
-0.705016	-15.4851
-2.46426	-11.274
-1.15866	-17.2574
-3.70974	-15.228
1.12849	-10.7684
1.90137	-16.4664
-3.88544	-9.14792
-6.56027	-11.3031
-6.26708	-12.1897
-5.337	-12.2432
-2.95967	-13.8472
-2.98415	-13.4778
-0.268202	-14.9264
-2.41657	-13.3681
-4.07603	-11.7244
-8.47141	-8.68114
-4.55097	-9.94311
-5.10436	-8.70571
-5.64619	-9.89507
-5.5733	-10.6992
0.0554744	-18.9486
-3.55223	-15.7142
-4.07787	-15.6158
-3.89189	-14.8571
-2.87948	-14.8147
-5.28867	-10.3241
-6.88286	-5.06109
-0.0149344	-5.36082
-7.31578	0.527717
-4.28346	-2.71801
-5.36047	-3.17885
-5.05609	-5.73858
-4.95969	-10.7687
2.97745	0.497013
-5.22547	-12.6721
-9.21024	-6.3122
-12.2211	-10.5235
-11.3231	-12.5237
-6.22532	-15.3442
-2.30453	-11.2873
-7.38834	-5.31315
-7.43353	-3.43272
-9.56662	-6.38236
-9.14824	-0.996309
3.64161	-6.01785
3.57913	-6.85005
3.14766	-13.9014
2.94963	-10.0883
-1.28588	-5.44841
1.95266	-13.4653
0.826627	-12.7061
-12.3586	-16.0404
1.13338	-22.7782
-2.42832	-19.4831
0.105691	-25.7792
-2.51266	-26.5096
-1.18106	-29.6013
-1.72242	-30.2283
-0.451288	-31.7063
-0.269825	-33.4631
-1.19999	-31.4861
2.20326	-28.7372
1.18137	-22.3424
9.10741	-10.9057
6.00572	-20.2414
-1.63573	-22.4679
-6.56476	-18.5304
-3.75709	-11.4585
-5.87189	-7.60778
-5.41487	-7.17646
-4.65121	-11.9234
-6.59871	-6.82648
-0.0747899	-22.6238
-6.84434	-18.3203
-8.2132	-17.5036
-10.1024	-16.5043
-8.20885	-17.2351
-8.36803	-17.6009
-9.81133	-14.7619
-9.98364	-14.0127
-10.3374	-11.7666
-10.391	-11.1581
-0.227708	-5.66797
6.82708	-7.6693
-2.51992	-13.7975
-4.03142	-11.7414
-4.28292	-11.0889
-7.20335	-9.00453
-7.358	-15.6279
-7.6862	-17.0851
-1.67912	-13.856
-5.13963	-12.9422
4.1341	-26.5643
13.3733	-24.6611
4.03517	-22.7457
9.42798	-24.7587
1.77266	-26.3937
-0.29929	-25.5389
-3.20804	-23.0327
0.369178	-26.9683
0.233673	-27.8275
1.81241	-27.5358
3.85344	-27.7455
3.81252	-27.7159
5.35256	-28.0684
4.06219	-23.6063
6.38571	-20.1853
8.91885	-16.5529
8.76294	-18.1794
5.18557	-16.5592
5.4449	-15.6035
5.33006	-15.5077
4.59162	-14.2826
5.07771	-17.3929
1.44812	-22.4705
-6.09116	-23.7171
-8.05975	-22.1569
-9.95608	-21.0034
-14.9395	-15.9743
-8.55853	-20.162
-8.76948	-23.2971
-6.4159	-22.4235
-6.08352	-20.5603
-2.24305	-18.4596
5.27191	-11.4721
-3.55309	-6.02446
-3.30845	-1.70207
-12.824	-4.68325
-11.9133	-5.40341
-10.0709	0.379447
-15.6179	-1.78846
-20.6401	-4.5607
-10.4853	-5.69604
-13.1505	1.7162
-13.0873	-0.287974
-16.5088	-2.39176
-10.5166	-7.26334
-8.5466	-8.83068
-8.92415	-13.0223
-12.0153	-2.82162
-11.2552	-2.5005
-10.2383	-7.92603
-6.4799	-2.79547
-7.08426	-6.96598
-5.93163	-2.11134
-3.33116	-1.38421
-0.251278	-5.90494
3.01935	-3.82153
-4.9572	-7.73125
0.139928	-7.14376
0.176476	-8.25559
4.90352	1.08805
-5.25787	-16.2539
-1.64783	-16.8461
1.85341	-16.5329
5.54203	-15.4208
6.41545	-20.4222
8.01231	-22.3305
8.38318	-22.4102
4.8149	-20.1597
1.14639	-17.3581
-2.01541	-11.9794
-1.63729	-13.7297
0.601769	-3.19371
2.40229	-3.37409
-6.75946	-13.8309
-13.4165	-8.51831
-14.5902	-4.86189
-9.96545	-9.15407
-6.73515	-12.4106
-6.76104	-13.9536
-10.2797	-12.8515
-5.42637	-17.9623
-6.26637	-17.9474
-5.72214	-14.995
-2.57677	-14.5505
2.71182	-17.282
8.59034	-22.7969
9.08072	-21.9675
7.80801	-21.7667
8.55625	-20.1695
1.62841	-17.334
-3.47218	-17.0686
-9.49192	-10.5144
-8.90623	-11.5425
-11.8949	-11.1581
-13.3819	-11.872
-14.9911	-10.4426
-16.9751	-11.7529
-19.7131	-11.6969
-21.2711	-12.2093
-22.2823	-12.1249
-22.0111	-11.2697
-21.4034	-11.2287
-21.9735	-9.14276
-20.9939	-9.84412
-17.5599	-9.52371
-16.8604	-6.79153
-14.6226	-7.6409
-15.2875	-6.6279
-14.3925	-9.65857
-14.9064	-9.48827
-15.9826	-8.91079
-15.4356	-6.57446
-13.1354	-6.18109
-12.5191	-6.04256
-10.6	-5.34674
-9.46611	-6.46976
-9.69323	-6.45873
-2.50161	-13.46
4.34957	-14.7675
7.03404	-21.0566
8.27531	-19.3246
7.16536	-24.4855
6.03391	-23.9187
4.95557	-22.0571
3.18364	-22.0502
2.82405	-23.336
1.11956	-21.3187
2.27449	-17.3778
5.77229	-10.1027
2.20994	-9.45832
-4.19907	-10.3083
-1.84075	-18.2739
-8.63881	-15.3912
-10.6115	-5.55425
-8.78468	-12.858
-12.4788	-15.1512
-10.0407	-11.5018
-7.66756	-18.4179
-6.58561	-18.591
-8.43388	-15.6807
-5.73676	-14.4447
-3.25462	-14.5809
-4.84796	-13.1555
-0.67519	-13.173
7.92834	-24.7741
7.7396	-21.4953
10.0485	-21.708
10.2701	-19.7723
7.16584	-17.4988
-4.99868	-7.55559
0.0150155	-12.426
2.33447	-17.5921
-0.607792	-19.123
-1.24518	-20.6122
0.797063	-23.3777
0.728617	-21.9564
-0.550253	-20.2564
1.14738	-10.217
3.48359	-9.49917
2.8969	-7.1481
-0.231857	-18.3308
-3.2415	-26.9957
1.61811	-12.0511
2.91089	-31.5685
-1.42153	-33.1168
-1.98696	-28.3159
4.42186	-33.5312
8.62929	-29.7615
7.00526	-20.3088
4.1767	-16.2026
6.67244	-9.19454
8.69528	-12.8759
3.89782	-7.8217
2.6296	-6.50762
-0.684493	-7.1335
2.8767	-14.6896
6.00396	-12.0607
2.10705	-6.78838
5.00278	-5.15917
-2.57054	0.0819247
-10.0828	-0.10658
-5.25036	-3.68587
-2.43397	-10.5596
7.79752	-13.1333
1.67096	-30.8777
4.15046	-33.4444
1.74909	-29.9947
-1.04005	-24.1077
-10.9885	-19.2974
-11.6501	-17.2553
-8.35701	-16.4306
-14.4838	-10.6872
-6.58352	-13.3231
-14.564	-12.353
-13.527	-13.4648
-15.7611	-7.00033
-10.8601	-11.3789
-8.30821	-9.94307
-2.68063	-8.02174
0.56812	-5.58873
-0.517208	-7.72673
-6.54593	-12.7806
-2.783	-7.81949
-1.05749	-15.5199
0.540097	-5.76177
1.80762	-6.44865
2.69337	-2.32271
0.48802	-5.50285
2.91703	2.90091
-12.8723	-5.56045
-8.46121	-2.57132
-9.06604	-2.32667
-4.75079	0.104101
-6.60413	-9.30523
0.41435	-10.7911
0.910893	-9.20189
0.809156	-3.44584
2.32721	-7.18522
2.39632	-3.72685
-0.443752	-0.964482
-4.20115	-8.23326
5.02816	-6.97889
4.2554	-6.76765
2.01545	-3.56241
-1.42182	-6.92651
2.66599	-6.41243
2.47271	-4.41094
3.3602	4.15184
4.79227	-6.09272
4.84404	-8.53004
-1.20547	-6.60298
1.60489	-1.37433
-1.03694	-10.9686
5.00476	-1.03403
-3.4058	-23.7396
-0.359006	-27.3624
1.43293	-28.7787
0.441557	-24.0006
-1.64718	-21.0696
-3.81353	-19.3943
-7.92555	-15.6252
-10.0003	-13.7188
-12.188	-11.8745
-15.4227	-11.5317
-17.4314	-10.9146
-18.1602	-11.3314
-15.5893	-12.5346
-17.2232	-7.70598
-14.3711	-7.44436
-13.8413	-4.4971
-10.0486	-5.20685
-9.65803	-5.4698
-8.29834	-3.44431
-8.1262	-4.32785
-4.18096	-5.54436
-2.12488	-10.8953
0.873479	-15.8337
2.39864	-23.9045
1.04086	-30.2761
-1.28461	-33.2469
-2.74986	-35.4502
-4.52722	-33.5209
-4.98622	-33.4052
-4.95101	-33.1883
-3.76043	-33.6882
-1.38843	-33.3334
1.227	-31.7091
5.69536	-32.5171
9.33025	-30.6592
9.10066	-24.3171
6.41871	-21.2112
0.427157	-15.9491
1.18045	-19.5291
2.47199	-23.1409
2.83921	-27.641
-2.06768	-25.0439
1.04978	-24.6499
4.98877	-28.9632
3.66273	-25.8981
0.190828	-16.8291
-3.55457	-14.071
-3.66126	-13.8827
-4.87389	-13.2051
-4.76735	-14.5788
-5.3787	-14.1363
-5.28837	-15.6818
-6.16235	-14.7036
-5.61865	-16.9977
-6.83497	-18.3039
-7.43183	-17.5693
-8.5122	-14.6713
-11.101	-13.764
-9.24998	-14.5777
-3.90514	-16.4115
-5.67317	-1.44335
-10.2184	-0.641853
-17.3623	-3.56004
-13.341	-8.10909
-12.9411	-10.3319
-13.8025	-5.65589
-13.0593	-6.85069
-8.74383	-15.0282
-9.34754	-14.138
-6.50475	-11.6578
-4.13929	-8.64244
-2.91121	-13.26
0.212516	-17.5909
2.78481	-21.7801
3.96608	-22.0488
2.04904	-20.5188
3.14563	-19.8723
4.24991	-18.2026
6.21459	-16.1634
0.425567	-17.0447
5.50937	-8.13782
2.9063	-6.85807
5.10734	-9.17637
-2.78478	-7.30708
4.90982	-3.29228
-7.4212	-12.7727
-17.8679	-4.08286
-17.0293	-5.10889
-16.194	-6.29528
-14.4405	-7.81814
-12.4677	-9.41286
-13.5336	-4.63588
-10.4168	-2.61245
-12.7668	-3.61173
-13.5112	-0.184173
-14.5284	-3.63673
-8.93498	-7.86078
-2.24788	-9.8718
3.66533	-5.27343
2.6338	-4.66151
-3.66242	-17.7089
-2.80682	-18.9078
-6.81024	-14.8912
-2.89914	-19.7057
-1.17402	-14.7467
4.54273	-13.0902
7.18724	-10.2278
4.30862	-7.73176
4.32323	-8.18824
-1.6587	-7.89414
-1.0263	-7.78308
1.56654	-6.65519
-5.56601	-9.72434
-7.20717	-21.3615
6.58344	-15.1986
0.838696	-20.7132
-2.11972	-32.1347
1.15545	-34.6281
-0.835585	-29.3621
2.32537	-26.9224
6.83021	-21.8514
7.30426	-23.9199
3.48687	-22.799
2.4511	-25.7965
2.89929	-26.6431
3.39588	-24.1304
1.49949	-19.1794
0.956159	-16.9618
-4.84426	-11.0929
-8.13047	-11.8518
-7.81477	-8.76102
-2.93957	-12.4034
-9.70453	1.40654
2.53366	-8.00804
-4.27217	-6.45059
-1.63376	-4.32944
-2.0973	-3.15091
4.19437	-4.76327
-0.780194	-7.72666
-1.1937	-17.6866
-2.64786	-17.8372
-2.87298	-16.9475
-5.07057	-13.2257
-7.0412	-10.2872
-8.97241	-6.55774
-11.0344	-3.92356
-13.003	-4.07298
-11.2445	-8.1608
-9.66142	-12.4736
-1.75532	-10.637
-0.545527	2.09183
-1.48993	0.936971
-10.3743	1.89961
-11.0891	5.94245
-6.10537	-3.2931
-17.2214	-12.3209
-4.92102	-4.24211
-3.81301	-14.9398
-5.72673	-16.2082
5.77172	-12.1507
11.6014	-6.73112
-5.44464	-12.7966
-4.45818	-16.3617
-5.25229	-17.1009
-4.96871	-14.087
-6.10393	-11.1445
-3.00213	-9.49614
0.12284	-12.4921
6.56295	-15.0567
5.42563	-14.7631
5.86163	-16.9862
4.86006	-18.2074
3.57645	-17.0539
0.00656165	-14.5491
-1.17578	-12.5544
-3.02363	-8.51522
-3.96458	-5.99217
-3.81433	-6.04093
-3.59918	-3.74189
-5.05789	-1.74593
-6.41024	-1.5638
-5.05714	-4.11712
-8.66743	-6.12062
-8.77295	-12.6103
-6.84932	-16.2401
-10.4489	-18.2343
-6.74233	-21.9501
-6.29712	-26.4592
-9.29317	-13.5815
-10.5288	-8.44084
-2.30176	-13.6273
-1.19323	-13.4058
-3.01487	-14.7212
4.68617	-10.2956
4.51968	-5.97374
4.34995	-7.47429
6.46365	-7.84397
2.66085	-4.47836
8.52357	-1.65007
10.1291	-2.99999
-4.24381	-20.7387
-9.01456	-18.2082
-8.85616	-26.8818
-12.4262	-20.9973
-9.33791	-21.6183
-7.40064	-20.2224
-4.24455	-16.4625
7.80682	-17.3716
8.72934	-17.5198
7.714	-17.9031
5.82004	-14.7217
4.8522	-16.8109
-2.1559	-12.9492
-4.05848	-12.7842
-4.53543	-13.6291
-5.75149	-13.1125
-8.04692	-12.3813
-9.4368	-12.3222
-2.63257	-18.6866
0.638607	-19.7448
0.381076	-13.5211
0.123544	-4.53614
1.52823	-5.99307
4.97013	-2.53531
2.59836	-6.74129
-1.95974	-11.3875
2.46393	-19.415
-3.00117	-24.5576
-12.1638	-10.6607
-15.625	-4.07724
-12.718	-9.36963
-11.8275	-11.5247
-14.0645	-11.0285
-15.1237	-10.0818
-13.2781	-13.264
-7.6509	-16.2654
-9.786	-11.4373
-7.27213	-2.22046
-10.3303	-1.40549
-9.491	3.04561
-6.12379	2.09979
-2.47687	-2.53636
-6.03101	-11.4729
-7.76438	-6.65108
-9.56517	-6.68713
-6.84725	-6.54363
1.83271	-2.9556
-0.978852	-6.17401
1.7668	-9.34467
3.26584	-4.58045
-3.61447	-13.5722
-12.3221	-8.54441
-12.3799	-11.5151
-12.8611	-10.0134
-11.7031	-12.6819
-10.82	-14.0125
-7.44307	-18.1944
-4.03399	-12.9238
-5.9635	-14.8695
-3.95124	-18.3632
-5.36543	-18.5689
-3.12211	-10.4359
2.21897	-7.85723
-0.642263	-6.51484
2.95831	-12.242
3.28019	-10.6858
1.24638	-2.67422
1.16757	-11.1068
4.01128	-8.6474
2.93379	-6.43308
-4.92915	-15.3259
-10.4773	-11.0245
-16.0238	-10.7626
-8.77989	-13.8692
-5.34394	-14.9488
-6.34417	-9.08492
3.07833	-4.71822
7.93195	-7.23185
5.48809	-7.19648
-1.43094	-10.9275
-6.24144	-15.9439
-7.15539	-18.1813
-1.19652	-17.0069
4.96077	-17.7749
2.83974	-30.337
3.52185	-35.5831
1.62322	-34.057
3.40121	-35.8897
2.09283	-34.3953
3.68238	-34.4339
4.52688	-33.248
6.98307	-31.7918
4.61408	-29.4868
1.91867	-24.1776
2.93199	-21.7113
1.75466	-19.2957
1.69317	-20.1634
1.3211	-8.24262
-0.40129	-7.63044
-2.32802	-16.7685
-6.24545	-9.27055
-9.6427	-4.06875
-5.49844	-6.55577
-0.0187098	-13.8873
-7.87034	-18.9558
-10.0474	-21.1879
-11.6594	-20.5819
-12.0224	-17.1471
-7.55417	-15.6921
-6.60213	-15.8507
-4.68245	-19.0893
-7.89698	-16.5994
-9.79926	-15.2627
-9.16883	-15.9379
-8.38342	-13.2574
-6.32166	-13.611
-5.87941	-16.1026
-4.49766	-21.2317
-5.67124	-26.6522
-8.4537	-28.8952
-10.6827	-26.5446
-9.71799	-21.1435
5.60671	-26.2876
5.61402	-24.3016
3.03619	-25.3354
3.76883	-25.7238
2.90308	-28.2539
4.4435	-18.8174
0.473994	-13.6923
5.42223	-10.6068
0.939866	-16.1297
-10.3925	-13.8105
-4.56419	-17.2422
0.461484	-15.1995
-2.86336	-23.9082
-7.03196	-17.5872
-7.55061	-15.7308
-5.4829	-17.0319
-2.29994	-21.9093
-1.15674	-23.2582
-3.35601	-15.7377
-0.973545	-22.1657
1.34809	-25.3131
-1.09372	-22.2235
-4.04116	-17.3735
-4.55333	-10.5384
-4.55865	-11.5287
-4.49664	-11.1033
-5.63153	-12.5838
-8.97489	-13.3182
-10.3574	-13.6802
-9.99637	-14.9096
-10.165	-15.0668
-9.08788	-11.9037
-8.06838	-10.7001
-3.9378	-13.1815
-1.45957	-16.1528
2.9064	-18.3257
7.71567	-20.1543
7.08074	-25.1517
6.80216	-27.2852
5.68391	-26.6198
3.56306	-24.0201
-7.31632	-18.555
-12.1674	-16.6282
-16.1936	-17.6141
-15.2605	-17.6083
-15.882	-18.7766
-15.2675	-21.4527
-14.3995	-25.8301
-11.6415	-30.5313
-8.8425	-31.5018
-5.89858	-30.2038
-3.42688	-25.2523
-3.19785	-20.2443
-5.27398	-16.5914
-4.3899	-15.4915
-1.94302	-17.9177
-2.14872	-17.9673
-2.85757	-18.7048
-9.29414	-14.8181
-3.80864	-20.454
-7.29857	-15.5799
-10.5059	-13.123
-11.8088	-9.5539
-11.5831	-7.38991
-14.0193	-4.92756
-15.0227	-4.74572
-14.8495	-7.96764
-13.0794	-12.0857
-8.5142	-15.912
-4.50448	-17.8787
-1.09953	-19.7601
2.84161	-19.7856
6.81768	-18.5912
7.1741	-24.9072
5.85124	-25.5083
6.61927	-26.3607
6.33402	-23.933
4.74103	-21.7344
-3.25499	-14.9359
-9.27816	-10.5372
-11.3432	-14.503
-8.95128	-20.6334
-6.99779	-23.9795
-5.52576	-29.121
-3.47103	-29.028
-2.26083	-27.1272
-0.975587	-25.6677
0.00277481	-24.3489
-1.8414	-18.1317
-6.77219	-10.1396
-3.49369	-13.1585
-0.0678818	-8.04276
-7.88638	0.874364
-9.35942	0.302437
-8.56168	-0.190399
-7.84343	-2.64084
-11.1199	-2.01826
-11.1051	-14.1917
-6.58458	-7.91309
-2.35257	-5.30597
-3.19157	-5.39135
-2.39305	-5.13719
1.68905	-5.35657
1.50284	-11.2593
-8.18024	-14.7062
-12.8598	-11.63
-9.8842	-11.8971
-5.99335	-10.2633
1.85984	-8.53513
-0.00746462	-13.213
3.49986	-18.6528
5.7698	-21.7585
8.5649	-28.9153
6.65556	-33.8788
2.70463	-31.1457
1.10708	-31.1067
-0.366817	-33.8696
-2.13325	-33.7535
-1.55168	-34.4418
0.720075	-36.3554
0.569209	-31.7871
0.104584	-32.366
-1.68726	-29.2242
-3.79313	-27.4393
-1.81585	-21.0719
0.616333	-13.6118
1.38808	-21.9399
-1.75365	-21.7709
-1.92556	-18.1524
-4.12694	-16.51
-0.801155	-17.7846
-9.2318	-16.8902
4.92124	-14.5673
0.871118	-12.9903
1.33877	-13.8941
-4.28436	-25.371
-8.71954	-25.0882
-1.85437	-30.917
1.48552	-30.8585
6.65034	-17.6308
0.759455	-22.1519
0.721893	-19.7886
9.2861	-11.5744
5.82369	-12.3011
-2.22662	-9.24562
-3.6044	-14.1417
-0.42821	-20.603
1.84192	-10.4646
2.96612	4.00073
-1.41144	-5.03097
4.61664	-6.51059
3.33771	-9.7982
-0.483566	-7.50701
-3.57357	0.533029
-2.1301	-0.683511
-0.419538	-6.18149
-4.47762	-0.487306
-2.07817	-4.18771
1.51978	0.157893
-2.19295	-7.45506
-5.22634	-11.0188
-2.3701	-1.1494
-0.458671	-7.46975
3.77686	0.4065
-1.48604	-6.16836
-2.19308	-8.83518
4.0243	-2.16182
1.82518	-2.61628
1.88025	0.96249
